
Linear Regression Model

PRICE =

     -0.0848 * WEALTH_INDEX +
     -0.2011 * EDUCATION_INDEX +
      0.0027 * AVERAGE_SALARY +
     -2.2952 * MARKET_INDEX=B,C,AA,A,AAA +
      1.6365 * MARKET_INDEX=C,AA,A,AAA +
      3.0083 * MARKET_INDEX=AA,A,AAA +
      0      * MARKET_VOLUME +
     -0.0341 * LOCAL_PERCENT +
      0.7895 * LOCAL_PRICE +
     -0.0467 * LOCAL_QUALITY +
     -2.7528 * SHOP_SIZE=500,10000,3,2,5,4,1,1000,100000 +
     -1.4777 * SHOP_SIZE=10000,3,2,5,4,1,1000,100000 +
      0.4248 * SHOP_SIZE=3,2,5,4,1,1000,100000 +
      0.4245 * SHOP_SIZE=2,5,4,1,1000,100000 +
      0.4311 * SHOP_SIZE=5,4,1,1000,100000 +
      0.4387 * SHOP_SIZE=4,1,1000,100000 +
      0.4366 * SHOP_SIZE=1,1000,100000 +
      0.4334 * SHOP_SIZE=1000,100000 +
     -0.3892 * TOWN_DISTRICT=Пригород,,Центр города,Фешенебельный район +
      0.3921 * TOWN_DISTRICT=Центр города,Фешенебельный район +
      2.2459 * TOWN_DISTRICT=Фешенебельный район +
     -3.1232 * DEPARTMENT_COUNT=5,2,4,10,1,6,7,9,8 +
      2.8908 * DEPARTMENT_COUNT=2,4,10,1,6,7,9,8 +
      0.9663 * DEPARTMENT_COUNT=4,10,1,6,7,9,8 +
     -1.767  * DEPARTMENT_COUNT=10,1,6,7,9,8 +
      2.2158 * DEPARTMENT_COUNT=1,6,7,9,8 +
     -1.8374 * DEPARTMENT_COUNT=6,7,9,8 +
     -2.8474 * DEPARTMENT_COUNT=7,9,8 +
      2.26   * DEPARTMENT_COUNT=9,8 +
     -8.8102 * DEPARTMENT_COUNT=8 +
      0.5776 * BRAND +
      0.1116 * QUALITY +
      0.0106 * NOTORIETY +
      1.2336 * VISITORS_COUNT=около 30 000,около 50,около 3 000,около 2 000,более 200,около 300,более 100,около 500,более 10 000,более 300,около 10 000,около 100,около 200,более 20 000,около 1 000,более 1 000,около 100 000,,около 5 000,более 3 000,более 2 000,более 100 000,около 50 000,около 1 000 000,более 200 000,более 300 000,более 1 000 000,более 30 000,около 500 000,более 2 000 000,около 5 000 000,более 3 000 000 +
      1.6192 * VISITORS_COUNT=около 50,около 3 000,около 2 000,более 200,около 300,более 100,около 500,более 10 000,более 300,около 10 000,около 100,около 200,более 20 000,около 1 000,более 1 000,около 100 000,,около 5 000,более 3 000,более 2 000,более 100 000,около 50 000,около 1 000 000,более 200 000,более 300 000,более 1 000 000,более 30 000,около 500 000,более 2 000 000,около 5 000 000,более 3 000 000 +
      1.0377 * VISITORS_COUNT=около 2 000,более 200,около 300,более 100,около 500,более 10 000,более 300,около 10 000,около 100,около 200,более 20 000,около 1 000,более 1 000,около 100 000,,около 5 000,более 3 000,более 2 000,более 100 000,около 50 000,около 1 000 000,более 200 000,более 300 000,более 1 000 000,более 30 000,около 500 000,более 2 000 000,около 5 000 000,более 3 000 000 +
      0.9374 * VISITORS_COUNT=около 300,более 100,около 500,более 10 000,более 300,около 10 000,около 100,около 200,более 20 000,около 1 000,более 1 000,около 100 000,,около 5 000,более 3 000,более 2 000,более 100 000,около 50 000,около 1 000 000,более 200 000,более 300 000,более 1 000 000,более 30 000,около 500 000,более 2 000 000,около 5 000 000,более 3 000 000 +
     -0.6735 * VISITORS_COUNT=более 100,около 500,более 10 000,более 300,около 10 000,около 100,около 200,более 20 000,около 1 000,более 1 000,около 100 000,,около 5 000,более 3 000,более 2 000,более 100 000,около 50 000,около 1 000 000,более 200 000,более 300 000,более 1 000 000,более 30 000,около 500 000,более 2 000 000,около 5 000 000,более 3 000 000 +
      0.3231 * VISITORS_COUNT=более 10 000,более 300,около 10 000,около 100,около 200,более 20 000,около 1 000,более 1 000,около 100 000,,около 5 000,более 3 000,более 2 000,более 100 000,около 50 000,около 1 000 000,более 200 000,более 300 000,более 1 000 000,более 30 000,около 500 000,более 2 000 000,около 5 000 000,более 3 000 000 +
      0.5958 * VISITORS_COUNT=более 300,около 10 000,около 100,около 200,более 20 000,около 1 000,более 1 000,около 100 000,,около 5 000,более 3 000,более 2 000,более 100 000,около 50 000,около 1 000 000,более 200 000,более 300 000,более 1 000 000,более 30 000,около 500 000,более 2 000 000,около 5 000 000,более 3 000 000 +
     -0.42   * VISITORS_COUNT=около 10 000,около 100,около 200,более 20 000,около 1 000,более 1 000,около 100 000,,около 5 000,более 3 000,более 2 000,более 100 000,около 50 000,около 1 000 000,более 200 000,более 300 000,более 1 000 000,более 30 000,около 500 000,более 2 000 000,около 5 000 000,более 3 000 000 +
     -0.4871 * VISITORS_COUNT=около 100,около 200,более 20 000,около 1 000,более 1 000,около 100 000,,около 5 000,более 3 000,более 2 000,более 100 000,около 50 000,около 1 000 000,более 200 000,более 300 000,более 1 000 000,более 30 000,около 500 000,более 2 000 000,около 5 000 000,более 3 000 000 +
      0.7262 * VISITORS_COUNT=около 200,более 20 000,около 1 000,более 1 000,около 100 000,,около 5 000,более 3 000,более 2 000,более 100 000,около 50 000,около 1 000 000,более 200 000,более 300 000,более 1 000 000,более 30 000,около 500 000,более 2 000 000,около 5 000 000,более 3 000 000 +
     -0.8256 * VISITORS_COUNT=более 20 000,около 1 000,более 1 000,около 100 000,,около 5 000,более 3 000,более 2 000,более 100 000,около 50 000,около 1 000 000,более 200 000,более 300 000,более 1 000 000,более 30 000,около 500 000,более 2 000 000,около 5 000 000,более 3 000 000 +
      1.1797 * VISITORS_COUNT=около 1 000,более 1 000,около 100 000,,около 5 000,более 3 000,более 2 000,более 100 000,около 50 000,около 1 000 000,более 200 000,более 300 000,более 1 000 000,более 30 000,около 500 000,более 2 000 000,около 5 000 000,более 3 000 000 +
     -0.6714 * VISITORS_COUNT=около 100 000,,около 5 000,более 3 000,более 2 000,более 100 000,около 50 000,около 1 000 000,более 200 000,более 300 000,более 1 000 000,более 30 000,около 500 000,более 2 000 000,около 5 000 000,более 3 000 000 +
      0.4208 * VISITORS_COUNT=,около 5 000,более 3 000,более 2 000,более 100 000,около 50 000,около 1 000 000,более 200 000,более 300 000,более 1 000 000,более 30 000,около 500 000,более 2 000 000,около 5 000 000,более 3 000 000 +
      0.8615 * VISITORS_COUNT=более 2 000,более 100 000,около 50 000,около 1 000 000,более 200 000,более 300 000,более 1 000 000,более 30 000,около 500 000,более 2 000 000,около 5 000 000,более 3 000 000 +
     -4.0006 * VISITORS_COUNT=более 100 000,около 50 000,около 1 000 000,более 200 000,более 300 000,более 1 000 000,более 30 000,около 500 000,более 2 000 000,около 5 000 000,более 3 000 000 +
      2.8489 * VISITORS_COUNT=около 50 000,около 1 000 000,более 200 000,более 300 000,более 1 000 000,более 30 000,около 500 000,более 2 000 000,около 5 000 000,более 3 000 000 +
      0.4603 * VISITORS_COUNT=около 1 000 000,более 200 000,более 300 000,более 1 000 000,более 30 000,около 500 000,более 2 000 000,около 5 000 000,более 3 000 000 +
     -0.5279 * VISITORS_COUNT=более 200 000,более 300 000,более 1 000 000,более 30 000,около 500 000,более 2 000 000,около 5 000 000,более 3 000 000 +
      0.7961 * VISITORS_COUNT=более 300 000,более 1 000 000,более 30 000,около 500 000,более 2 000 000,около 5 000 000,более 3 000 000 +
      2.8343 * VISITORS_COUNT=более 1 000 000,более 30 000,около 500 000,более 2 000 000,около 5 000 000,более 3 000 000 +
     -1.8566 * VISITORS_COUNT=более 30 000,около 500 000,более 2 000 000,около 5 000 000,более 3 000 000 +
     -1.2854 * VISITORS_COUNT=около 500 000,более 2 000 000,около 5 000 000,более 3 000 000 +
      8.2931 * VISITORS_COUNT=более 2 000 000,около 5 000 000,более 3 000 000 +
     28.7511 * VISITORS_COUNT=около 5 000 000,более 3 000 000 +
     -0.49   * SERVICE_LEVEL=Низкий,Высокий,Очень высокий,Элитный +
      0.9354 * SERVICE_LEVEL=Высокий,Очень высокий,Элитный +
      1.1488 * SERVICE_LEVEL=Очень высокий,Элитный +
      0.449  * SERVICE_LEVEL=Элитный +
      2.5612 * SELLER_COUNT=55,58,54,32,56,40,30,34,52,53,49,50,51,47,36,45,46,44,29,42,28,27,41,31,15,14,33,24,13,25,39,16,38,12,35,17,26,37,18,10,23,11,20,9,22,19,8,21,7,6,43,0,48,5,4,3,2,1 +
