
Linear Regression Model

PRICE =

     -0.0191 * WEALTH_INDEX +
     -0.4979 * EDUCATION_INDEX +
      0.0072 * AVERAGE_SALARY +
      0.7482 * MARKET_INDEX=,D,C,B,A,AA,AAA +
      0.734  * MARKET_INDEX=D,C,B,A,AA,AAA +
     -2.8047 * MARKET_INDEX=B,A,AA,AAA +
     -3.9819 * MARKET_INDEX=A,AA,AAA +
     -6.6901 * MARKET_INDEX=AA,AAA +
    237.6056 * MARKET_INDEX=AAA +
      0      * MARKET_VOLUME +
      0.0597 * LOCAL_PERCENT +
      0.9991 * LOCAL_PRICE +
     -0.0741 * LOCAL_QUALITY +
     -4.5834 * SHOP_SIZE=500,1000,3,2,5,4,1,10000,100000 +
      3.1152 * SHOP_SIZE=1000,3,2,5,4,1,10000,100000 +
     -0.4379 * SHOP_SIZE=5,4,1,10000,100000 +
     -0.4722 * SHOP_SIZE=4,1,10000,100000 +
     -0.4519 * SHOP_SIZE=1,10000,100000 +
     -0.4477 * SHOP_SIZE=10000,100000 +
      4.4021 * SHOP_SIZE=100000 +
     -0.8577 * TOWN_DISTRICT=Пригород,Спальный район,,Центр города,Фешенебельный район +
      1.4281 * TOWN_DISTRICT=Спальный район,,Центр города,Фешенебельный район +
      1.4125 * TOWN_DISTRICT=Фешенебельный район +
      1.4762 * DEPARTMENT_COUNT=3,5,6,10,1,7,8,9 +
     -5.6377 * DEPARTMENT_COUNT=5,6,10,1,7,8,9 +
      2.0402 * DEPARTMENT_COUNT=6,10,1,7,8,9 +
      1.9661 * DEPARTMENT_COUNT=10,1,7,8,9 +
      3.1169 * DEPARTMENT_COUNT=1,7,8,9 +
     -9.2877 * DEPARTMENT_COUNT=7,8,9 +
     -3.2342 * DEPARTMENT_COUNT=8,9 +
     14.325  * DEPARTMENT_COUNT=9 +
      0.7766 * BRAND +
      0.4084 * QUALITY +
      0.0194 * NOTORIETY +
      5.6496 * VISITORS_COUNT=около 20 000,около 30 000,около 50,около 2 000,около 300,более 100,около 3 000,более 200,около 100,около 200,около 500,более 300,более 3 000,более 2 000,более 10 000,около 10 000,около 100 000,более 1 000,,около 5 000,более 20 000,около 1 000,более 100 000,около 50 000,более 200 000,около 1 000 000,более 30 000,более 300 000,более 1 000 000,около 500 000,более 2 000 000,более 3 000 000,около 5 000 000 +
    -10.2894 * VISITORS_COUNT=около 30 000,около 50,около 2 000,около 300,более 100,около 3 000,более 200,около 100,около 200,около 500,более 300,более 3 000,более 2 000,более 10 000,около 10 000,около 100 000,более 1 000,,около 5 000,более 20 000,около 1 000,более 100 000,около 50 000,более 200 000,около 1 000 000,более 30 000,более 300 000,более 1 000 000,около 500 000,более 2 000 000,более 3 000 000,около 5 000 000 +
      6.6027 * VISITORS_COUNT=около 50,около 2 000,около 300,более 100,около 3 000,более 200,около 100,около 200,около 500,более 300,более 3 000,более 2 000,более 10 000,около 10 000,около 100 000,более 1 000,,около 5 000,более 20 000,около 1 000,более 100 000,около 50 000,более 200 000,около 1 000 000,более 30 000,более 300 000,более 1 000 000,около 500 000,более 2 000 000,более 3 000 000,около 5 000 000 +
     -1.8384 * VISITORS_COUNT=около 2 000,около 300,более 100,около 3 000,более 200,около 100,около 200,около 500,более 300,более 3 000,более 2 000,более 10 000,около 10 000,около 100 000,более 1 000,,около 5 000,более 20 000,около 1 000,более 100 000,около 50 000,более 200 000,около 1 000 000,более 30 000,более 300 000,более 1 000 000,около 500 000,более 2 000 000,более 3 000 000,около 5 000 000 +
      3.1871 * VISITORS_COUNT=более 100,около 3 000,более 200,около 100,около 200,около 500,более 300,более 3 000,более 2 000,более 10 000,около 10 000,около 100 000,более 1 000,,около 5 000,более 20 000,около 1 000,более 100 000,около 50 000,более 200 000,около 1 000 000,более 30 000,более 300 000,более 1 000 000,около 500 000,более 2 000 000,более 3 000 000,около 5 000 000 +
      2.0424 * VISITORS_COUNT=около 3 000,более 200,около 100,около 200,около 500,более 300,более 3 000,более 2 000,более 10 000,около 10 000,около 100 000,более 1 000,,около 5 000,более 20 000,около 1 000,более 100 000,около 50 000,более 200 000,около 1 000 000,более 30 000,более 300 000,более 1 000 000,около 500 000,более 2 000 000,более 3 000 000,около 5 000 000 +
     -1.5397 * VISITORS_COUNT=более 200,около 100,около 200,около 500,более 300,более 3 000,более 2 000,более 10 000,около 10 000,около 100 000,более 1 000,,около 5 000,более 20 000,около 1 000,более 100 000,около 50 000,более 200 000,около 1 000 000,более 30 000,более 300 000,более 1 000 000,около 500 000,более 2 000 000,более 3 000 000,около 5 000 000 +
     -1.5751 * VISITORS_COUNT=около 500,более 300,более 3 000,более 2 000,более 10 000,около 10 000,около 100 000,более 1 000,,около 5 000,более 20 000,около 1 000,более 100 000,около 50 000,более 200 000,около 1 000 000,более 30 000,более 300 000,более 1 000 000,около 500 000,более 2 000 000,более 3 000 000,около 5 000 000 +
      0.4861 * VISITORS_COUNT=более 300,более 3 000,более 2 000,более 10 000,около 10 000,около 100 000,более 1 000,,около 5 000,более 20 000,около 1 000,более 100 000,около 50 000,более 200 000,около 1 000 000,более 30 000,более 300 000,более 1 000 000,около 500 000,более 2 000 000,более 3 000 000,около 5 000 000 +
     -5.3177 * VISITORS_COUNT=более 3 000,более 2 000,более 10 000,около 10 000,около 100 000,более 1 000,,около 5 000,более 20 000,около 1 000,более 100 000,около 50 000,более 200 000,около 1 000 000,более 30 000,более 300 000,более 1 000 000,около 500 000,более 2 000 000,более 3 000 000,около 5 000 000 +
      4.9125 * VISITORS_COUNT=более 2 000,более 10 000,около 10 000,около 100 000,более 1 000,,около 5 000,более 20 000,около 1 000,более 100 000,около 50 000,более 200 000,около 1 000 000,более 30 000,более 300 000,более 1 000 000,около 500 000,более 2 000 000,более 3 000 000,около 5 000 000 +
     -0.5312 * VISITORS_COUNT=более 10 000,около 10 000,около 100 000,более 1 000,,около 5 000,более 20 000,около 1 000,более 100 000,около 50 000,более 200 000,около 1 000 000,более 30 000,более 300 000,более 1 000 000,около 500 000,более 2 000 000,более 3 000 000,около 5 000 000 +
      0.5536 * VISITORS_COUNT=около 10 000,около 100 000,более 1 000,,около 5 000,более 20 000,около 1 000,более 100 000,около 50 000,более 200 000,около 1 000 000,более 30 000,более 300 000,более 1 000 000,около 500 000,более 2 000 000,более 3 000 000,около 5 000 000 +
     -1.2872 * VISITORS_COUNT=около 100 000,более 1 000,,около 5 000,более 20 000,около 1 000,более 100 000,около 50 000,более 200 000,около 1 000 000,более 30 000,более 300 000,более 1 000 000,около 500 000,более 2 000 000,более 3 000 000,около 5 000 000 +
      1.8169 * VISITORS_COUNT=более 1 000,,около 5 000,более 20 000,около 1 000,более 100 000,около 50 000,более 200 000,около 1 000 000,более 30 000,более 300 000,более 1 000 000,около 500 000,более 2 000 000,более 3 000 000,около 5 000 000 +
     -1.7556 * VISITORS_COUNT=,около 5 000,более 20 000,около 1 000,более 100 000,около 50 000,более 200 000,около 1 000 000,более 30 000,более 300 000,более 1 000 000,около 500 000,более 2 000 000,более 3 000 000,около 5 000 000 +
     -1.7507 * VISITORS_COUNT=около 5 000,более 20 000,около 1 000,более 100 000,около 50 000,более 200 000,около 1 000 000,более 30 000,более 300 000,более 1 000 000,около 500 000,более 2 000 000,более 3 000 000,около 5 000 000 +
      2.456  * VISITORS_COUNT=более 20 000,около 1 000,более 100 000,около 50 000,более 200 000,около 1 000 000,более 30 000,более 300 000,более 1 000 000,около 500 000,более 2 000 000,более 3 000 000,около 5 000 000 +
      1.9402 * VISITORS_COUNT=около 1 000,более 100 000,около 50 000,более 200 000,около 1 000 000,более 30 000,более 300 000,более 1 000 000,около 500 000,более 2 000 000,более 3 000 000,около 5 000 000 +
     -6.0416 * VISITORS_COUNT=более 100 000,около 50 000,более 200 000,около 1 000 000,более 30 000,более 300 000,более 1 000 000,около 500 000,более 2 000 000,более 3 000 000,около 5 000 000 +
      1.9453 * VISITORS_COUNT=около 50 000,более 200 000,около 1 000 000,более 30 000,более 300 000,более 1 000 000,около 500 000,более 2 000 000,более 3 000 000,около 5 000 000 +
      1.1781 * VISITORS_COUNT=более 200 000,около 1 000 000,более 30 000,более 300 000,более 1 000 000,около 500 000,более 2 000 000,более 3 000 000,около 5 000 000 +
