
Linear Regression Model

PRICE =

     -0.0387 * WEALTH_INDEX +
     -0.6229 * EDUCATION_INDEX +
      0.0077 * AVERAGE_SALARY +
     -0.9111 * MARKET_INDEX=B,,A,AAA,E,AA +
      0.4108 * MARKET_INDEX=,A,AAA,E,AA +
      0.3701 * MARKET_INDEX=A,AAA,E,AA +
     -0.7421 * MARKET_INDEX=AAA,E,AA +
      0.2692 * MARKET_INDEX=E,AA +
      4.0619 * MARKET_INDEX=AA +
      0      * MARKET_VOLUME +
      0.0717 * LOCAL_PERCENT +
      0.5856 * LOCAL_PRICE +
     -2.0921 * LOCAL_QUALITY +
     -9.5878 * SHOP_SIZE=500,10000,100000,4,3,2,1,5,1000 +
     -3.6428 * SHOP_SIZE=10000,100000,4,3,2,1,5,1000 +
      0.8941 * SHOP_SIZE=4,3,2,1,5,1000 +
      0.8995 * SHOP_SIZE=3,2,1,5,1000 +
      0.8841 * SHOP_SIZE=2,1,5,1000 +
      0.8837 * SHOP_SIZE=1,5,1000 +
      0.8948 * SHOP_SIZE=5,1000 +
      0.898  * SHOP_SIZE=1000 +
      2.5602 * TOWN_DISTRICT=Окраина,Центр города,,Фешенебельный район +
     -3.6762 * TOWN_DISTRICT=Центр города,,Фешенебельный район +
      1.8492 * TOWN_DISTRICT=,Фешенебельный район +
      1.8484 * TOWN_DISTRICT=Фешенебельный район +
      1.4092 * DEPARTMENT_COUNT=3,4,5,6,1,9,10,8,7 +
     -0.968  * DEPARTMENT_COUNT=4,5,6,1,9,10,8,7 +
     -0.9865 * DEPARTMENT_COUNT=5,6,1,9,10,8,7 +
      0.6921 * DEPARTMENT_COUNT=6,1,9,10,8,7 +
      2.6145 * DEPARTMENT_COUNT=1,9,10,8,7 +
      0.6789 * DEPARTMENT_COUNT=9,10,8,7 +
      2.4361 * DEPARTMENT_COUNT=10,8,7 +
     -7.3058 * DEPARTMENT_COUNT=8,7 +
      4.2689 * DEPARTMENT_COUNT=7 +
     -6.5247 * BRAND +
      3.0937 * QUALITY +
      0.0053 * NOTORIETY +
     12.2194 * VISITORS_COUNT=около 30 000,около 50,около 100,более 100,более 200,более 20 000,более 10 000,более 3 000,около 100 000,более 100 000,более 300,около 50 000,более 200 000,около 10 000,около 300,,более 30 000,около 500,более 300 000,более 2 000,около 5 000,около 500 000,около 1 000,около 20 000,около 200,более 1 000,более 1 000 000,около 1 000 000,около 3 000,около 2 000,более 2 000 000,около 5 000 000,более 3 000 000 +
     -6.291  * VISITORS_COUNT=около 50,около 100,более 100,более 200,более 20 000,более 10 000,более 3 000,около 100 000,более 100 000,более 300,около 50 000,более 200 000,около 10 000,около 300,,более 30 000,около 500,более 300 000,более 2 000,около 5 000,около 500 000,около 1 000,около 20 000,около 200,более 1 000,более 1 000 000,около 1 000 000,около 3 000,около 2 000,более 2 000 000,около 5 000 000,более 3 000 000 +
      1.7164 * VISITORS_COUNT=около 100,более 100,более 200,более 20 000,более 10 000,более 3 000,около 100 000,более 100 000,более 300,около 50 000,более 200 000,около 10 000,около 300,,более 30 000,около 500,более 300 000,более 2 000,около 5 000,около 500 000,около 1 000,около 20 000,около 200,более 1 000,более 1 000 000,около 1 000 000,около 3 000,около 2 000,более 2 000 000,около 5 000 000,более 3 000 000 +
      1.3094 * VISITORS_COUNT=более 100,более 200,более 20 000,более 10 000,более 3 000,около 100 000,более 100 000,более 300,около 50 000,более 200 000,около 10 000,около 300,,более 30 000,около 500,более 300 000,более 2 000,около 5 000,около 500 000,около 1 000,около 20 000,около 200,более 1 000,более 1 000 000,около 1 000 000,около 3 000,около 2 000,более 2 000 000,около 5 000 000,более 3 000 000 +
     -0.3629 * VISITORS_COUNT=более 200,более 20 000,более 10 000,более 3 000,около 100 000,более 100 000,более 300,около 50 000,более 200 000,около 10 000,около 300,,более 30 000,около 500,более 300 000,более 2 000,около 5 000,около 500 000,около 1 000,около 20 000,около 200,более 1 000,более 1 000 000,около 1 000 000,около 3 000,около 2 000,более 2 000 000,около 5 000 000,более 3 000 000 +
      3.1831 * VISITORS_COUNT=более 20 000,более 10 000,более 3 000,около 100 000,более 100 000,более 300,около 50 000,более 200 000,около 10 000,около 300,,более 30 000,около 500,более 300 000,более 2 000,около 5 000,около 500 000,около 1 000,около 20 000,около 200,более 1 000,более 1 000 000,около 1 000 000,около 3 000,около 2 000,более 2 000 000,около 5 000 000,более 3 000 000 +
      0.8469 * VISITORS_COUNT=более 10 000,более 3 000,около 100 000,более 100 000,более 300,около 50 000,более 200 000,около 10 000,около 300,,более 30 000,около 500,более 300 000,более 2 000,около 5 000,около 500 000,около 1 000,около 20 000,около 200,более 1 000,более 1 000 000,около 1 000 000,около 3 000,около 2 000,более 2 000 000,около 5 000 000,более 3 000 000 +
     -2.5326 * VISITORS_COUNT=более 3 000,около 100 000,более 100 000,более 300,около 50 000,более 200 000,около 10 000,около 300,,более 30 000,около 500,более 300 000,более 2 000,около 5 000,около 500 000,около 1 000,около 20 000,около 200,более 1 000,более 1 000 000,около 1 000 000,около 3 000,около 2 000,более 2 000 000,около 5 000 000,более 3 000 000 +
      4.8257 * VISITORS_COUNT=около 100 000,более 100 000,более 300,около 50 000,более 200 000,около 10 000,около 300,,более 30 000,около 500,более 300 000,более 2 000,около 5 000,около 500 000,около 1 000,около 20 000,около 200,более 1 000,более 1 000 000,около 1 000 000,около 3 000,около 2 000,более 2 000 000,около 5 000 000,более 3 000 000 +
     -0.98   * VISITORS_COUNT=более 100 000,более 300,около 50 000,более 200 000,около 10 000,около 300,,более 30 000,около 500,более 300 000,более 2 000,около 5 000,около 500 000,около 1 000,около 20 000,около 200,более 1 000,более 1 000 000,около 1 000 000,около 3 000,около 2 000,более 2 000 000,около 5 000 000,более 3 000 000 +
     -3.8325 * VISITORS_COUNT=более 300,около 50 000,более 200 000,около 10 000,около 300,,более 30 000,около 500,более 300 000,более 2 000,около 5 000,около 500 000,около 1 000,около 20 000,около 200,более 1 000,более 1 000 000,около 1 000 000,около 3 000,около 2 000,более 2 000 000,около 5 000 000,более 3 000 000 +
      3.0602 * VISITORS_COUNT=около 50 000,более 200 000,около 10 000,около 300,,более 30 000,около 500,более 300 000,более 2 000,около 5 000,около 500 000,около 1 000,около 20 000,около 200,более 1 000,более 1 000 000,около 1 000 000,около 3 000,около 2 000,более 2 000 000,около 5 000 000,более 3 000 000 +
      2.9659 * VISITORS_COUNT=более 200 000,около 10 000,около 300,,более 30 000,около 500,более 300 000,более 2 000,около 5 000,около 500 000,около 1 000,около 20 000,около 200,более 1 000,более 1 000 000,около 1 000 000,около 3 000,около 2 000,более 2 000 000,около 5 000 000,более 3 000 000 +
     -1.7734 * VISITORS_COUNT=около 10 000,около 300,,более 30 000,около 500,более 300 000,более 2 000,около 5 000,около 500 000,около 1 000,около 20 000,около 200,более 1 000,более 1 000 000,около 1 000 000,около 3 000,около 2 000,более 2 000 000,около 5 000 000,более 3 000 000 +
     -4.9048 * VISITORS_COUNT=около 300,,более 30 000,около 500,более 300 000,более 2 000,около 5 000,около 500 000,около 1 000,около 20 000,около 200,более 1 000,более 1 000 000,около 1 000 000,около 3 000,около 2 000,более 2 000 000,около 5 000 000,более 3 000 000 +
      1.4669 * VISITORS_COUNT=,более 30 000,около 500,более 300 000,более 2 000,около 5 000,около 500 000,около 1 000,около 20 000,около 200,более 1 000,более 1 000 000,около 1 000 000,около 3 000,около 2 000,более 2 000 000,около 5 000 000,более 3 000 000 +
      1.5024 * VISITORS_COUNT=более 30 000,около 500,более 300 000,более 2 000,около 5 000,около 500 000,около 1 000,около 20 000,около 200,более 1 000,более 1 000 000,около 1 000 000,около 3 000,около 2 000,более 2 000 000,около 5 000 000,более 3 000 000 +
     -2.5313 * VISITORS_COUNT=около 500,более 300 000,более 2 000,около 5 000,около 500 000,около 1 000,около 20 000,около 200,более 1 000,более 1 000 000,около 1 000 000,около 3 000,около 2 000,более 2 000 000,около 5 000 000,более 3 000 000 +
      8.8954 * VISITORS_COUNT=более 300 000,более 2 000,около 5 000,около 500 000,около 1 000,около 20 000,около 200,более 1 000,более 1 000 000,около 1 000 000,около 3 000,около 2 000,более 2 000 000,около 5 000 000,более 3 000 000 +
