
Linear Regression Model

PRICE =

      0.1312 * EDUCATION_INDEX +
      0.013  * AVERAGE_SALARY +
      2.1918 * MARKET_INDEX=,D,C,B,A,AAA,AA +
      2.1484 * MARKET_INDEX=D,C,B,A,AAA,AA +
      4.9142 * MARKET_INDEX=C,B,A,AAA,AA +
     11.6933 * MARKET_INDEX=AAA,AA +
      0      * MARKET_VOLUME +
      0.148  * LOCAL_PERCENT +
      0.413  * LOCAL_PRICE +
     -0.1831 * LOCAL_QUALITY +
    -10.6297 * SHOP_SIZE=500,1000,3,2,5,4,1,10000,100000 +
     -5.0711 * SHOP_SIZE=1000,3,2,5,4,1,10000,100000 +
     -1.4575 * SHOP_SIZE=3,2,5,4,1,10000,100000 +
     -1.4811 * SHOP_SIZE=2,5,4,1,10000,100000 +
     -1.4874 * SHOP_SIZE=5,4,1,10000,100000 +
     -1.4427 * SHOP_SIZE=4,1,10000,100000 +
     -1.4038 * SHOP_SIZE=1,10000,100000 +
     -1.4225 * SHOP_SIZE=10000,100000 +
     -8.3286 * SHOP_SIZE=100000 +
      2.7217 * TOWN_DISTRICT=Пригород,,Центр города,Фешенебельный район +
     -0.6875 * TOWN_DISTRICT=Центр города,Фешенебельный район +
     13.2328 * TOWN_DISTRICT=Фешенебельный район +
      1.1915 * DEPARTMENT_COUNT=3,5,2,1,10,6,7,9,8 +
     -2.1568 * DEPARTMENT_COUNT=5,2,1,10,6,7,9,8 +
      4.2331 * DEPARTMENT_COUNT=2,1,10,6,7,9,8 +
      0.5851 * DEPARTMENT_COUNT=1,10,6,7,9,8 +
      2.3667 * DEPARTMENT_COUNT=10,6,7,9,8 +
     -3.1819 * DEPARTMENT_COUNT=6,7,9,8 +
     -4.3151 * DEPARTMENT_COUNT=7,9,8 +
      6.8707 * DEPARTMENT_COUNT=9,8 +
    -10.3275 * DEPARTMENT_COUNT=8 +
      0.3813 * QUALITY +
     -0.0339 * NOTORIETY +
     29.1695 * VISITORS_COUNT=около 20 000,менее 50,около 50,более 100,около 200,около 500,более 200,около 100,около 1 000,более 300,более 3 000,более 1 000,около 2 000,более 2 000,более 10 000,около 3 000,более 30 000,более 20 000,,около 50 000,около 10 000,более 3 000 000,около 5 000,более 2 000 000,около 100 000,более 1 000 000,более 200 000,более 100 000,около 1 000 000,более 300 000,около 500 000,около 5 000 000 +
    -50.0198 * VISITORS_COUNT=менее 50,около 50,более 100,около 200,около 500,более 200,около 100,около 1 000,более 300,более 3 000,более 1 000,около 2 000,более 2 000,более 10 000,около 3 000,более 30 000,более 20 000,,около 50 000,около 10 000,более 3 000 000,около 5 000,более 2 000 000,около 100 000,более 1 000 000,более 200 000,более 100 000,около 1 000 000,более 300 000,около 500 000,около 5 000 000 +
     10.8403 * VISITORS_COUNT=около 50,более 100,около 200,около 500,более 200,около 100,около 1 000,более 300,более 3 000,более 1 000,около 2 000,более 2 000,более 10 000,около 3 000,более 30 000,более 20 000,,около 50 000,около 10 000,более 3 000 000,около 5 000,более 2 000 000,около 100 000,более 1 000 000,более 200 000,более 100 000,около 1 000 000,более 300 000,около 500 000,около 5 000 000 +
      7.1263 * VISITORS_COUNT=более 100,около 200,около 500,более 200,около 100,около 1 000,более 300,более 3 000,более 1 000,около 2 000,более 2 000,более 10 000,около 3 000,более 30 000,более 20 000,,около 50 000,около 10 000,более 3 000 000,около 5 000,более 2 000 000,около 100 000,более 1 000 000,более 200 000,более 100 000,около 1 000 000,более 300 000,около 500 000,около 5 000 000 +
      7.4956 * VISITORS_COUNT=около 500,более 200,около 100,около 1 000,более 300,более 3 000,более 1 000,около 2 000,более 2 000,более 10 000,около 3 000,более 30 000,более 20 000,,около 50 000,около 10 000,более 3 000 000,около 5 000,более 2 000 000,около 100 000,более 1 000 000,более 200 000,более 100 000,около 1 000 000,более 300 000,около 500 000,около 5 000 000 +
     -3.2223 * VISITORS_COUNT=более 200,около 100,около 1 000,более 300,более 3 000,более 1 000,около 2 000,более 2 000,более 10 000,около 3 000,более 30 000,более 20 000,,около 50 000,около 10 000,более 3 000 000,около 5 000,более 2 000 000,около 100 000,более 1 000 000,более 200 000,более 100 000,около 1 000 000,более 300 000,около 500 000,около 5 000 000 +
     -6.3874 * VISITORS_COUNT=около 100,около 1 000,более 300,более 3 000,более 1 000,около 2 000,более 2 000,более 10 000,около 3 000,более 30 000,более 20 000,,около 50 000,около 10 000,более 3 000 000,около 5 000,более 2 000 000,около 100 000,более 1 000 000,более 200 000,более 100 000,около 1 000 000,более 300 000,около 500 000,около 5 000 000 +
     13.8111 * VISITORS_COUNT=около 1 000,более 300,более 3 000,более 1 000,около 2 000,более 2 000,более 10 000,около 3 000,более 30 000,более 20 000,,около 50 000,около 10 000,более 3 000 000,около 5 000,более 2 000 000,около 100 000,более 1 000 000,более 200 000,более 100 000,около 1 000 000,более 300 000,около 500 000,около 5 000 000 +
     -5.9977 * VISITORS_COUNT=более 300,более 3 000,более 1 000,около 2 000,более 2 000,более 10 000,около 3 000,более 30 000,более 20 000,,около 50 000,около 10 000,более 3 000 000,около 5 000,более 2 000 000,около 100 000,более 1 000 000,более 200 000,более 100 000,около 1 000 000,более 300 000,около 500 000,около 5 000 000 +
     14.2571 * VISITORS_COUNT=более 3 000,более 1 000,около 2 000,более 2 000,более 10 000,около 3 000,более 30 000,более 20 000,,около 50 000,около 10 000,более 3 000 000,около 5 000,более 2 000 000,около 100 000,более 1 000 000,более 200 000,более 100 000,около 1 000 000,более 300 000,около 500 000,около 5 000 000 +
     -4.3807 * VISITORS_COUNT=более 1 000,около 2 000,более 2 000,более 10 000,около 3 000,более 30 000,более 20 000,,около 50 000,около 10 000,более 3 000 000,около 5 000,более 2 000 000,около 100 000,более 1 000 000,более 200 000,более 100 000,около 1 000 000,более 300 000,около 500 000,около 5 000 000 +
      4.3321 * VISITORS_COUNT=около 2 000,более 2 000,более 10 000,около 3 000,более 30 000,более 20 000,,около 50 000,около 10 000,более 3 000 000,около 5 000,более 2 000 000,около 100 000,более 1 000 000,более 200 000,более 100 000,около 1 000 000,более 300 000,около 500 000,около 5 000 000 +
     10.2631 * VISITORS_COUNT=более 10 000,около 3 000,более 30 000,более 20 000,,около 50 000,около 10 000,более 3 000 000,около 5 000,более 2 000 000,около 100 000,более 1 000 000,более 200 000,более 100 000,около 1 000 000,более 300 000,около 500 000,около 5 000 000 +
     -7.1536 * VISITORS_COUNT=около 3 000,более 30 000,более 20 000,,около 50 000,около 10 000,более 3 000 000,около 5 000,более 2 000 000,около 100 000,более 1 000 000,более 200 000,более 100 000,около 1 000 000,более 300 000,около 500 000,около 5 000 000 +
      8.4729 * VISITORS_COUNT=более 30 000,более 20 000,,около 50 000,около 10 000,более 3 000 000,около 5 000,более 2 000 000,около 100 000,более 1 000 000,более 200 000,более 100 000,около 1 000 000,более 300 000,около 500 000,около 5 000 000 +
      1.8771 * VISITORS_COUNT=,около 50 000,около 10 000,более 3 000 000,около 5 000,более 2 000 000,около 100 000,более 1 000 000,более 200 000,более 100 000,около 1 000 000,более 300 000,около 500 000,около 5 000 000 +
      1.8703 * VISITORS_COUNT=около 50 000,около 10 000,более 3 000 000,около 5 000,более 2 000 000,около 100 000,более 1 000 000,более 200 000,более 100 000,около 1 000 000,более 300 000,около 500 000,около 5 000 000 +
     -5.3785 * VISITORS_COUNT=около 10 000,более 3 000 000,около 5 000,более 2 000 000,около 100 000,более 1 000 000,более 200 000,более 100 000,около 1 000 000,более 300 000,около 500 000,около 5 000 000 +
     35.9877 * VISITORS_COUNT=более 3 000 000,около 5 000,более 2 000 000,около 100 000,более 1 000 000,более 200 000,более 100 000,около 1 000 000,более 300 000,около 500 000,около 5 000 000 +
    -38.8296 * VISITORS_COUNT=около 5 000,более 2 000 000,около 100 000,более 1 000 000,более 200 000,более 100 000,около 1 000 000,более 300 000,около 500 000,около 5 000 000 +
     27.2677 * VISITORS_COUNT=более 2 000 000,около 100 000,более 1 000 000,более 200 000,более 100 000,около 1 000 000,более 300 000,около 500 000,около 5 000 000 +
    -13.8735 * VISITORS_COUNT=около 100 000,более 1 000 000,более 200 000,более 100 000,около 1 000 000,более 300 000,около 500 000,около 5 000 000 +
