
Linear Regression Model

PRICE =

     -0.0232 * WEALTH_INDEX +
     -0.6964 * EDUCATION_INDEX +
      0.0098 * AVERAGE_SALARY +
     -0.6191 * MARKET_INDEX=,E,B,A,AA +
     -0.5659 * MARKET_INDEX=E,B,A,AA +
      2.8319 * MARKET_INDEX=B,A,AA +
      6.7108 * MARKET_INDEX=A,AA +
     11.6548 * MARKET_INDEX=AA +
      0      * MARKET_VOLUME +
      0.1279 * LOCAL_PERCENT +
      0.6013 * LOCAL_PRICE +
     -0.2847 * LOCAL_QUALITY +
    -21.1285 * SHOP_SIZE=10000,500,3,2,5,4,1,1000,100000 +
     16.7971 * SHOP_SIZE=500,3,2,5,4,1,1000,100000 +
     -0.5847 * SHOP_SIZE=3,2,5,4,1,1000,100000 +
     -0.5795 * SHOP_SIZE=2,5,4,1,1000,100000 +
     -0.6453 * SHOP_SIZE=5,4,1,1000,100000 +
     -0.6025 * SHOP_SIZE=4,1,1000,100000 +
     -0.5562 * SHOP_SIZE=1,1000,100000 +
     -0.5122 * SHOP_SIZE=1000,100000 +
    -23.909  * SHOP_SIZE=100000 +
      1.3633 * TOWN_DISTRICT=Окраина,Спальный район,,Центр города,Фешенебельный район +
      0.5371 * TOWN_DISTRICT=,Центр города,Фешенебельный район +
      0.5291 * TOWN_DISTRICT=Центр города,Фешенебельный район +
      4.3894 * TOWN_DISTRICT=Фешенебельный район +
      2.2406 * DEPARTMENT_COUNT=4,10,5,6,7,1,8,9 +
      3.5508 * DEPARTMENT_COUNT=10,5,6,7,1,8,9 +
    -13.9449 * DEPARTMENT_COUNT=5,6,7,1,8,9 +
     11.5393 * DEPARTMENT_COUNT=6,7,1,8,9 +
     -6.0612 * DEPARTMENT_COUNT=7,1,8,9 +
      7.3804 * DEPARTMENT_COUNT=1,8,9 +
    -14.0709 * DEPARTMENT_COUNT=8,9 +
      7.4364 * DEPARTMENT_COUNT=9 +
      0.6444 * BRAND +
      2.5591 * QUALITY +
     -0.0312 * NOTORIETY +
     45.2508 * VISITORS_COUNT=около 20 000,около 50,около 100,около 500,около 2 000,около 10 000,более 100,более 300,более 10 000,более 30 000,около 1 000,более 20 000,более 3 000,около 50 000,более 200,более 2 000,более 1 000,около 100 000,,около 5 000,около 200,более 100 000,около 5 000 000,более 3 000 000,около 1 000 000,около 30 000,более 200 000,более 2 000 000,около 300,более 1 000 000,около 500 000,более 300 000 +
    -38.8553 * VISITORS_COUNT=около 50,около 100,около 500,около 2 000,около 10 000,более 100,более 300,более 10 000,более 30 000,около 1 000,более 20 000,более 3 000,около 50 000,более 200,более 2 000,более 1 000,около 100 000,,около 5 000,около 200,более 100 000,около 5 000 000,более 3 000 000,около 1 000 000,около 30 000,более 200 000,более 2 000 000,около 300,более 1 000 000,около 500 000,более 300 000 +
      1.8764 * VISITORS_COUNT=около 100,около 500,около 2 000,около 10 000,более 100,более 300,более 10 000,более 30 000,около 1 000,более 20 000,более 3 000,около 50 000,более 200,более 2 000,более 1 000,около 100 000,,около 5 000,около 200,более 100 000,около 5 000 000,более 3 000 000,около 1 000 000,около 30 000,более 200 000,более 2 000 000,около 300,более 1 000 000,около 500 000,более 300 000 +
      3.5715 * VISITORS_COUNT=около 500,около 2 000,около 10 000,более 100,более 300,более 10 000,более 30 000,около 1 000,более 20 000,более 3 000,около 50 000,более 200,более 2 000,более 1 000,около 100 000,,около 5 000,около 200,более 100 000,около 5 000 000,более 3 000 000,около 1 000 000,около 30 000,более 200 000,более 2 000 000,около 300,более 1 000 000,около 500 000,более 300 000 +
      7.1233 * VISITORS_COUNT=около 2 000,около 10 000,более 100,более 300,более 10 000,более 30 000,около 1 000,более 20 000,более 3 000,около 50 000,более 200,более 2 000,более 1 000,около 100 000,,около 5 000,около 200,более 100 000,около 5 000 000,более 3 000 000,около 1 000 000,около 30 000,более 200 000,более 2 000 000,около 300,более 1 000 000,около 500 000,более 300 000 +
     13.9944 * VISITORS_COUNT=около 10 000,более 100,более 300,более 10 000,более 30 000,около 1 000,более 20 000,более 3 000,около 50 000,более 200,более 2 000,более 1 000,около 100 000,,около 5 000,около 200,более 100 000,около 5 000 000,более 3 000 000,около 1 000 000,около 30 000,более 200 000,более 2 000 000,около 300,более 1 000 000,около 500 000,более 300 000 +
    -23.3602 * VISITORS_COUNT=более 100,более 300,более 10 000,более 30 000,около 1 000,более 20 000,более 3 000,около 50 000,более 200,более 2 000,более 1 000,около 100 000,,около 5 000,около 200,более 100 000,около 5 000 000,более 3 000 000,около 1 000 000,около 30 000,более 200 000,более 2 000 000,около 300,более 1 000 000,около 500 000,более 300 000 +
     -3.2052 * VISITORS_COUNT=более 300,более 10 000,более 30 000,около 1 000,более 20 000,более 3 000,около 50 000,более 200,более 2 000,более 1 000,около 100 000,,около 5 000,около 200,более 100 000,около 5 000 000,более 3 000 000,около 1 000 000,около 30 000,более 200 000,более 2 000 000,около 300,более 1 000 000,около 500 000,более 300 000 +
     30.7218 * VISITORS_COUNT=более 10 000,более 30 000,около 1 000,более 20 000,более 3 000,около 50 000,более 200,более 2 000,более 1 000,около 100 000,,около 5 000,около 200,более 100 000,около 5 000 000,более 3 000 000,около 1 000 000,около 30 000,более 200 000,более 2 000 000,около 300,более 1 000 000,около 500 000,более 300 000 +
      1.8957 * VISITORS_COUNT=более 30 000,около 1 000,более 20 000,более 3 000,около 50 000,более 200,более 2 000,более 1 000,около 100 000,,около 5 000,около 200,более 100 000,около 5 000 000,более 3 000 000,около 1 000 000,около 30 000,более 200 000,более 2 000 000,около 300,более 1 000 000,около 500 000,более 300 000 +
    -20.7768 * VISITORS_COUNT=около 1 000,более 20 000,более 3 000,около 50 000,более 200,более 2 000,более 1 000,около 100 000,,около 5 000,около 200,более 100 000,около 5 000 000,более 3 000 000,около 1 000 000,около 30 000,более 200 000,более 2 000 000,около 300,более 1 000 000,около 500 000,более 300 000 +
     18.4028 * VISITORS_COUNT=более 20 000,более 3 000,около 50 000,более 200,более 2 000,более 1 000,около 100 000,,около 5 000,около 200,более 100 000,около 5 000 000,более 3 000 000,около 1 000 000,около 30 000,более 200 000,более 2 000 000,около 300,более 1 000 000,около 500 000,более 300 000 +
    -12.1745 * VISITORS_COUNT=более 3 000,около 50 000,более 200,более 2 000,более 1 000,около 100 000,,около 5 000,около 200,более 100 000,около 5 000 000,более 3 000 000,около 1 000 000,около 30 000,более 200 000,более 2 000 000,около 300,более 1 000 000,около 500 000,более 300 000 +
     18.9007 * VISITORS_COUNT=около 50 000,более 200,более 2 000,более 1 000,около 100 000,,около 5 000,около 200,более 100 000,около 5 000 000,более 3 000 000,около 1 000 000,около 30 000,более 200 000,более 2 000 000,около 300,более 1 000 000,около 500 000,более 300 000 +
    -31.3071 * VISITORS_COUNT=более 200,более 2 000,более 1 000,около 100 000,,около 5 000,около 200,более 100 000,около 5 000 000,более 3 000 000,около 1 000 000,около 30 000,более 200 000,более 2 000 000,около 300,более 1 000 000,около 500 000,более 300 000 +
     12.0263 * VISITORS_COUNT=более 2 000,более 1 000,около 100 000,,около 5 000,около 200,более 100 000,около 5 000 000,более 3 000 000,около 1 000 000,около 30 000,более 200 000,более 2 000 000,около 300,более 1 000 000,около 500 000,более 300 000 +
     -0.4594 * VISITORS_COUNT=более 1 000,около 100 000,,около 5 000,около 200,более 100 000,около 5 000 000,более 3 000 000,около 1 000 000,около 30 000,более 200 000,более 2 000 000,около 300,более 1 000 000,около 500 000,более 300 000 +
     25.599  * VISITORS_COUNT=около 100 000,,около 5 000,около 200,более 100 000,около 5 000 000,более 3 000 000,около 1 000 000,около 30 000,более 200 000,более 2 000 000,около 300,более 1 000 000,около 500 000,более 300 000 +
     -8.6843 * VISITORS_COUNT=,около 5 000,около 200,более 100 000,около 5 000 000,более 3 000 000,около 1 000 000,около 30 000,более 200 000,более 2 000 000,около 300,более 1 000 000,около 500 000,более 300 000 +
     -8.7177 * VISITORS_COUNT=около 5 000,около 200,более 100 000,около 5 000 000,более 3 000 000,около 1 000 000,около 30 000,более 200 000,более 2 000 000,около 300,более 1 000 000,около 500 000,более 300 000 +
