
Linear Regression Model

PRICE =

      0.403  * WEALTH_INDEX +
     -2.7549 * EDUCATION_INDEX +
      0.1218 * AVERAGE_SALARY +
    -21.4724 * MARKET_INDEX=E,C,B,,AAA,A,AA +
    115.8722 * MARKET_INDEX=C,B,,AAA,A,AA +
     98.8672 * MARKET_INDEX=,AAA,A,AA +
    -91.0735 * MARKET_INDEX=AAA,A,AA +
     18.231  * MARKET_INDEX=A,AA +
     20.4222 * MARKET_INDEX=AA +
      0      * MARKET_VOLUME +
      1.6137 * LOCAL_PERCENT +
      0.4424 * LOCAL_PRICE +
     -5.0396 * LOCAL_QUALITY +
    -12.9137 * SHOP_SIZE=500,10000,1000,3,2,5,4,1,100000 +
   -212.563  * SHOP_SIZE=10000,1000,3,2,5,4,1,100000 +
    142.4623 * SHOP_SIZE=1000,3,2,5,4,1,100000 +
    -33.3519 * SHOP_SIZE=3,2,5,4,1,100000 +
    -33.4991 * SHOP_SIZE=2,5,4,1,100000 +
    -33.3469 * SHOP_SIZE=5,4,1,100000 +
    -33.2612 * SHOP_SIZE=4,1,100000 +
    -33.4464 * SHOP_SIZE=1,100000 +
    -33.2527 * SHOP_SIZE=100000 +
    -27.1714 * TOWN_DISTRICT=Окраина,Спальный район,,Центр города,Фешенебельный район +
     25.5967 * TOWN_DISTRICT=Спальный район,,Центр города,Фешенебельный район +
     10.2411 * TOWN_DISTRICT=,Центр города,Фешенебельный район +
     10.1937 * TOWN_DISTRICT=Центр города,Фешенебельный район +
    118.2473 * TOWN_DISTRICT=Фешенебельный район +
     30.3465 * DEPARTMENT_COUNT=6,7,4,2,3,1,8,9,10 +
    -33.8916 * DEPARTMENT_COUNT=7,4,2,3,1,8,9,10 +
     65.4816 * DEPARTMENT_COUNT=4,2,3,1,8,9,10 +
    -13.799  * DEPARTMENT_COUNT=2,3,1,8,9,10 +
     10.2964 * DEPARTMENT_COUNT=3,1,8,9,10 +
    -10.4623 * DEPARTMENT_COUNT=1,8,9,10 +
    -37.5093 * DEPARTMENT_COUNT=8,9,10 +
     27.775  * DEPARTMENT_COUNT=9,10 +
    273.3343 * DEPARTMENT_COUNT=10 +
      9.9648 * BRAND +
     -0.0892 * QUALITY +
     -0.3894 * NOTORIETY +
    -85.394  * VISITORS_COUNT=менее 50,около 2 000,около 100,более 3 000,более 100,около 500,более 200,более 2 000,более 1 000,около 5 000,около 3 000,около 300,более 300,около 200,около 1 000,более 20 000,,более 30 000,около 10 000,более 10 000,более 100 000,около 1 000 000,более 1 000 000,около 100 000,более 200 000,около 50 000,более 3 000 000,более 2 000 000,более 300 000,около 500 000,около 5 000 000 +
    324.8874 * VISITORS_COUNT=около 2 000,около 100,более 3 000,более 100,около 500,более 200,более 2 000,более 1 000,около 5 000,около 3 000,около 300,более 300,около 200,около 1 000,более 20 000,,более 30 000,около 10 000,более 10 000,более 100 000,около 1 000 000,более 1 000 000,около 100 000,более 200 000,около 50 000,более 3 000 000,более 2 000 000,более 300 000,около 500 000,около 5 000 000 +
   -185.5726 * VISITORS_COUNT=около 100,более 3 000,более 100,около 500,более 200,более 2 000,более 1 000,около 5 000,около 3 000,около 300,более 300,около 200,около 1 000,более 20 000,,более 30 000,около 10 000,более 10 000,более 100 000,около 1 000 000,более 1 000 000,около 100 000,более 200 000,около 50 000,более 3 000 000,более 2 000 000,более 300 000,около 500 000,около 5 000 000 +
    270.28   * VISITORS_COUNT=более 3 000,более 100,около 500,более 200,более 2 000,более 1 000,около 5 000,около 3 000,около 300,более 300,около 200,около 1 000,более 20 000,,более 30 000,около 10 000,более 10 000,более 100 000,около 1 000 000,более 1 000 000,около 100 000,более 200 000,около 50 000,более 3 000 000,более 2 000 000,более 300 000,около 500 000,около 5 000 000 +
   -250.5901 * VISITORS_COUNT=более 100,около 500,более 200,более 2 000,более 1 000,около 5 000,около 3 000,около 300,более 300,около 200,около 1 000,более 20 000,,более 30 000,около 10 000,более 10 000,более 100 000,около 1 000 000,более 1 000 000,около 100 000,более 200 000,около 50 000,более 3 000 000,более 2 000 000,более 300 000,около 500 000,около 5 000 000 +
    102.1379 * VISITORS_COUNT=около 500,более 200,более 2 000,более 1 000,около 5 000,около 3 000,около 300,более 300,около 200,около 1 000,более 20 000,,более 30 000,около 10 000,более 10 000,более 100 000,около 1 000 000,более 1 000 000,около 100 000,более 200 000,около 50 000,более 3 000 000,более 2 000 000,более 300 000,около 500 000,около 5 000 000 +
    -65.4766 * VISITORS_COUNT=более 200,более 2 000,более 1 000,около 5 000,около 3 000,около 300,более 300,около 200,около 1 000,более 20 000,,более 30 000,около 10 000,более 10 000,более 100 000,около 1 000 000,более 1 000 000,около 100 000,более 200 000,около 50 000,более 3 000 000,более 2 000 000,более 300 000,около 500 000,около 5 000 000 +
    194.7879 * VISITORS_COUNT=более 2 000,более 1 000,около 5 000,около 3 000,около 300,более 300,около 200,около 1 000,более 20 000,,более 30 000,около 10 000,более 10 000,более 100 000,около 1 000 000,более 1 000 000,около 100 000,более 200 000,около 50 000,более 3 000 000,более 2 000 000,более 300 000,около 500 000,около 5 000 000 +
    -27.3968 * VISITORS_COUNT=более 1 000,около 5 000,около 3 000,около 300,более 300,около 200,около 1 000,более 20 000,,более 30 000,около 10 000,более 10 000,более 100 000,около 1 000 000,более 1 000 000,около 100 000,более 200 000,около 50 000,более 3 000 000,более 2 000 000,более 300 000,около 500 000,около 5 000 000 +
     96.7496 * VISITORS_COUNT=около 5 000,около 3 000,около 300,более 300,около 200,около 1 000,более 20 000,,более 30 000,около 10 000,более 10 000,более 100 000,около 1 000 000,более 1 000 000,около 100 000,более 200 000,около 50 000,более 3 000 000,более 2 000 000,более 300 000,около 500 000,около 5 000 000 +
    -56.4911 * VISITORS_COUNT=около 3 000,около 300,более 300,около 200,около 1 000,более 20 000,,более 30 000,около 10 000,более 10 000,более 100 000,около 1 000 000,более 1 000 000,около 100 000,более 200 000,около 50 000,более 3 000 000,более 2 000 000,более 300 000,около 500 000,около 5 000 000 +
   -177.0737 * VISITORS_COUNT=около 300,более 300,около 200,около 1 000,более 20 000,,более 30 000,около 10 000,более 10 000,более 100 000,около 1 000 000,более 1 000 000,около 100 000,более 200 000,около 50 000,более 3 000 000,более 2 000 000,более 300 000,около 500 000,около 5 000 000 +
      8.4774 * VISITORS_COUNT=более 300,около 200,около 1 000,более 20 000,,более 30 000,около 10 000,более 10 000,более 100 000,около 1 000 000,более 1 000 000,около 100 000,более 200 000,около 50 000,более 3 000 000,более 2 000 000,более 300 000,около 500 000,около 5 000 000 +
     -9.3746 * VISITORS_COUNT=около 200,около 1 000,более 20 000,,более 30 000,около 10 000,более 10 000,более 100 000,около 1 000 000,более 1 000 000,около 100 000,более 200 000,около 50 000,более 3 000 000,более 2 000 000,более 300 000,около 500 000,около 5 000 000 +
    116.2412 * VISITORS_COUNT=около 1 000,более 20 000,,более 30 000,около 10 000,более 10 000,более 100 000,около 1 000 000,более 1 000 000,около 100 000,более 200 000,около 50 000,более 3 000 000,более 2 000 000,более 300 000,около 500 000,около 5 000 000 +
    212.203  * VISITORS_COUNT=более 20 000,,более 30 000,около 10 000,более 10 000,более 100 000,около 1 000 000,более 1 000 000,около 100 000,более 200 000,около 50 000,более 3 000 000,более 2 000 000,более 300 000,около 500 000,около 5 000 000 +
     15.7976 * VISITORS_COUNT=,более 30 000,около 10 000,более 10 000,более 100 000,около 1 000 000,более 1 000 000,около 100 000,более 200 000,около 50 000,более 3 000 000,более 2 000 000,более 300 000,около 500 000,около 5 000 000 +
     15.9647 * VISITORS_COUNT=более 30 000,около 10 000,более 10 000,более 100 000,около 1 000 000,более 1 000 000,около 100 000,более 200 000,около 50 000,более 3 000 000,более 2 000 000,более 300 000,около 500 000,около 5 000 000 +
    -53.6282 * VISITORS_COUNT=около 10 000,более 10 000,более 100 000,около 1 000 000,более 1 000 000,около 100 000,более 200 000,около 50 000,более 3 000 000,более 2 000 000,более 300 000,около 500 000,около 5 000 000 +
     26.9424 * VISITORS_COUNT=более 10 000,более 100 000,около 1 000 000,более 1 000 000,около 100 000,более 200 000,около 50 000,более 3 000 000,более 2 000 000,более 300 000,около 500 000,около 5 000 000 +
