
Linear Regression Model

PRICE =

     10.3876 * WEALTH_INDEX +
    -14.8224 * EDUCATION_INDEX +
      0.867  * AVERAGE_SALARY +
    -85.231  * MARKET_INDEX=C,E,B,A,,AAA,AA +
    188.7101 * MARKET_INDEX=E,B,A,,AAA,AA +
   -129.2156 * MARKET_INDEX=B,A,,AAA,AA +
   -363.4012 * MARKET_INDEX=A,,AAA,AA +
   -293.3473 * MARKET_INDEX=,AAA,AA +
  -1666.7741 * MARKET_INDEX=AAA,AA +
   1037.6998 * MARKET_INDEX=AA +
     -0.001  * MARKET_VOLUME +
      4.8579 * LOCAL_PERCENT +
      0.843  * LOCAL_PRICE +
   -120.8323 * LOCAL_QUALITY +
    750.8128 * SHOP_SIZE=500,1000,3,2,5,4,1,100000 +
   -425.7289 * SHOP_SIZE=1000,3,2,5,4,1,100000 +
   -120.2425 * SHOP_SIZE=3,2,5,4,1,100000 +
   -119.8953 * SHOP_SIZE=2,5,4,1,100000 +
   -121.2866 * SHOP_SIZE=5,4,1,100000 +
   -120.1757 * SHOP_SIZE=4,1,100000 +
   -120.7583 * SHOP_SIZE=1,100000 +
   -117.277  * SHOP_SIZE=100000 +
   -101.0712 * TOWN_DISTRICT=Окраина,Центр города,,Фешенебельный район +
    318.6119 * TOWN_DISTRICT=Центр города,,Фешенебельный район +
    220.4511 * TOWN_DISTRICT=,Фешенебельный район +
    220.5137 * TOWN_DISTRICT=Фешенебельный район +
    470.92   * DEPARTMENT_COUNT=10,8,7,3,4,2,9,1,5 +
   -231.2996 * DEPARTMENT_COUNT=8,7,3,4,2,9,1,5 +
   -317.0343 * DEPARTMENT_COUNT=7,3,4,2,9,1,5 +
    319.4007 * DEPARTMENT_COUNT=3,4,2,9,1,5 +
    265.5476 * DEPARTMENT_COUNT=4,2,9,1,5 +
    381.437  * DEPARTMENT_COUNT=9,1,5 +
   -478.613  * DEPARTMENT_COUNT=1,5 +
    124.0743 * DEPARTMENT_COUNT=5 +
     51.498  * BRAND +
    117.4759 * QUALITY +
     -1.7203 * NOTORIETY +
    771.4145 * VISITORS_COUNT=более 3 000,более 2 000,около 10 000,около 5 000,около 500,более 30 000,около 20 000,более 200,около 50 000,около 100 000,менее 50,более 10 000,около 1 000,более 1 000 000,более 20 000,,около 50,более 100 000,более 1 000,около 1 000 000,около 500 000,более 300,более 300 000,более 200 000,около 100,более 3 000 000,около 300,около 5 000 000,более 2 000 000,около 200 +
   -116.1183 * VISITORS_COUNT=более 2 000,около 10 000,около 5 000,около 500,более 30 000,около 20 000,более 200,около 50 000,около 100 000,менее 50,более 10 000,около 1 000,более 1 000 000,более 20 000,,около 50,более 100 000,более 1 000,около 1 000 000,около 500 000,более 300,более 300 000,более 200 000,около 100,более 3 000 000,около 300,около 5 000 000,более 2 000 000,около 200 +
    530.3057 * VISITORS_COUNT=около 10 000,около 5 000,около 500,более 30 000,около 20 000,более 200,около 50 000,около 100 000,менее 50,более 10 000,около 1 000,более 1 000 000,более 20 000,,около 50,более 100 000,более 1 000,около 1 000 000,около 500 000,более 300,более 300 000,более 200 000,около 100,более 3 000 000,около 300,около 5 000 000,более 2 000 000,около 200 +
   -214.0788 * VISITORS_COUNT=около 5 000,около 500,более 30 000,около 20 000,более 200,около 50 000,около 100 000,менее 50,более 10 000,около 1 000,более 1 000 000,более 20 000,,около 50,более 100 000,более 1 000,около 1 000 000,около 500 000,более 300,более 300 000,более 200 000,около 100,более 3 000 000,около 300,около 5 000 000,более 2 000 000,около 200 +
   -602.7615 * VISITORS_COUNT=около 500,более 30 000,около 20 000,более 200,около 50 000,около 100 000,менее 50,более 10 000,около 1 000,более 1 000 000,более 20 000,,около 50,более 100 000,более 1 000,около 1 000 000,около 500 000,более 300,более 300 000,более 200 000,около 100,более 3 000 000,около 300,около 5 000 000,более 2 000 000,около 200 +
   1286.14   * VISITORS_COUNT=более 30 000,около 20 000,более 200,около 50 000,около 100 000,менее 50,более 10 000,около 1 000,более 1 000 000,более 20 000,,около 50,более 100 000,более 1 000,около 1 000 000,около 500 000,более 300,более 300 000,более 200 000,около 100,более 3 000 000,около 300,около 5 000 000,более 2 000 000,около 200 +
    311.2522 * VISITORS_COUNT=около 20 000,более 200,около 50 000,около 100 000,менее 50,более 10 000,около 1 000,более 1 000 000,более 20 000,,около 50,более 100 000,более 1 000,около 1 000 000,около 500 000,более 300,более 300 000,более 200 000,около 100,более 3 000 000,около 300,около 5 000 000,более 2 000 000,около 200 +
  -1940.7856 * VISITORS_COUNT=более 200,около 50 000,около 100 000,менее 50,более 10 000,около 1 000,более 1 000 000,более 20 000,,около 50,более 100 000,более 1 000,около 1 000 000,около 500 000,более 300,более 300 000,более 200 000,около 100,более 3 000 000,около 300,около 5 000 000,более 2 000 000,около 200 +
   1639.7488 * VISITORS_COUNT=около 50 000,около 100 000,менее 50,более 10 000,около 1 000,более 1 000 000,более 20 000,,около 50,более 100 000,более 1 000,около 1 000 000,около 500 000,более 300,более 300 000,более 200 000,около 100,более 3 000 000,около 300,около 5 000 000,более 2 000 000,около 200 +
    386.8979 * VISITORS_COUNT=около 100 000,менее 50,более 10 000,около 1 000,более 1 000 000,более 20 000,,около 50,более 100 000,более 1 000,около 1 000 000,около 500 000,более 300,более 300 000,более 200 000,около 100,более 3 000 000,около 300,около 5 000 000,более 2 000 000,около 200 +
  -2343.8374 * VISITORS_COUNT=менее 50,более 10 000,около 1 000,более 1 000 000,более 20 000,,около 50,более 100 000,более 1 000,около 1 000 000,около 500 000,более 300,более 300 000,более 200 000,около 100,более 3 000 000,около 300,около 5 000 000,более 2 000 000,около 200 +
   1735.2068 * VISITORS_COUNT=более 10 000,около 1 000,более 1 000 000,более 20 000,,около 50,более 100 000,более 1 000,около 1 000 000,около 500 000,более 300,более 300 000,более 200 000,около 100,более 3 000 000,около 300,около 5 000 000,более 2 000 000,около 200 +
   -789.999  * VISITORS_COUNT=около 1 000,более 1 000 000,более 20 000,,около 50,более 100 000,более 1 000,около 1 000 000,около 500 000,более 300,более 300 000,более 200 000,около 100,более 3 000 000,около 300,около 5 000 000,более 2 000 000,около 200 +
   2371.7185 * VISITORS_COUNT=более 1 000 000,более 20 000,,около 50,более 100 000,более 1 000,около 1 000 000,около 500 000,более 300,более 300 000,более 200 000,около 100,более 3 000 000,около 300,около 5 000 000,более 2 000 000,около 200 +
  -1267.7655 * VISITORS_COUNT=более 20 000,,около 50,более 100 000,более 1 000,около 1 000 000,около 500 000,более 300,более 300 000,более 200 000,около 100,более 3 000 000,около 300,около 5 000 000,более 2 000 000,около 200 +
   -424.689  * VISITORS_COUNT=,около 50,более 100 000,более 1 000,около 1 000 000,около 500 000,более 300,более 300 000,более 200 000,около 100,более 3 000 000,около 300,около 5 000 000,более 2 000 000,около 200 +
   -422.3519 * VISITORS_COUNT=около 50,более 100 000,более 1 000,около 1 000 000,около 500 000,более 300,более 300 000,более 200 000,около 100,более 3 000 000,около 300,около 5 000 000,более 2 000 000,около 200 +
   1287.6655 * VISITORS_COUNT=более 100 000,более 1 000,около 1 000 000,около 500 000,более 300,более 300 000,более 200 000,около 100,более 3 000 000,около 300,около 5 000 000,более 2 000 000,около 200 +
  -1110.1727 * VISITORS_COUNT=более 1 000,около 1 000 000,около 500 000,более 300,более 300 000,более 200 000,около 100,более 3 000 000,около 300,около 5 000 000,более 2 000 000,около 200 +
   2072.4004 * VISITORS_COUNT=около 1 000 000,около 500 000,более 300,более 300 000,более 200 000,около 100,более 3 000 000,около 300,около 5 000 000,более 2 000 000,около 200 +
   -577.1128 * VISITORS_COUNT=около 500 000,более 300,более 300 000,более 200 000,около 100,более 3 000 000,около 300,около 5 000 000,более 2 000 000,около 200 +
  -2116.1783 * VISITORS_COUNT=более 300,более 300 000,более 200 000,около 100,более 3 000 000,около 300,около 5 000 000,более 2 000 000,около 200 +
   1972.4113 * VISITORS_COUNT=более 300 000,более 200 000,около 100,более 3 000 000,около 300,около 5 000 000,более 2 000 000,около 200 +
    581.7465 * VISITORS_COUNT=более 3 000 000,около 300,около 5 000 000,более 2 000 000,около 200 +
  -1933.7838 * VISITORS_COUNT=около 300,около 5 000 000,более 2 000 000,около 200 +
   2138.2072 * VISITORS_COUNT=около 5 000 000,более 2 000 000,около 200 +
