
Linear Regression Model

PRICE =

      0.0366 * WEALTH_INDEX +
     -2.3712 * EDUCATION_INDEX +
      0.0425 * AVERAGE_SALARY +
     -6.2049 * MARKET_INDEX=,AAA,D,C,B,A,AA +
     -6.175  * MARKET_INDEX=AAA,D,C,B,A,AA +
     18.9474 * MARKET_INDEX=D,C,B,A,AA +
     -2.8186 * MARKET_INDEX=C,B,A,AA +
     -9.0011 * MARKET_INDEX=B,A,AA +
      6.0533 * MARKET_INDEX=A,AA +
     81.7329 * MARKET_INDEX=AA +
      0.1447 * LOCAL_PERCENT +
      0.6879 * LOCAL_PRICE +
     -2.5469 * LOCAL_QUALITY +
    -14.0753 * SHOP_SIZE=10000,500,3,2,5,4,1,100000,1000 +
      3.2757 * SHOP_SIZE=3,2,5,4,1,100000,1000 +
      3.2814 * SHOP_SIZE=2,5,4,1,100000,1000 +
      3.2815 * SHOP_SIZE=5,4,1,100000,1000 +
      3.2898 * SHOP_SIZE=4,1,100000,1000 +
      3.2754 * SHOP_SIZE=1,100000,1000 +
      3.28   * SHOP_SIZE=100000,1000 +
     -4.964  * SHOP_SIZE=1000 +
     11.0657 * TOWN_DISTRICT=Спальный район,Окраина,,Центр города,Фешенебельный район +
     -1.5209 * TOWN_DISTRICT=,Центр города,Фешенебельный район +
     -1.5001 * TOWN_DISTRICT=Центр города,Фешенебельный район +
     -4.2419 * TOWN_DISTRICT=Фешенебельный район +
      6.3361 * DEPARTMENT_COUNT=6,4,3,2,10,8,1,7,9 +
      7.4519 * DEPARTMENT_COUNT=4,3,2,10,8,1,7,9 +
      2.8174 * DEPARTMENT_COUNT=2,10,8,1,7,9 +
     -5.3047 * DEPARTMENT_COUNT=10,8,1,7,9 +
     -8.3702 * DEPARTMENT_COUNT=8,1,7,9 +
     14.4298 * DEPARTMENT_COUNT=1,7,9 +
     -8.8589 * DEPARTMENT_COUNT=7,9 +
     11.467  * DEPARTMENT_COUNT=9 +
     -0.5242 * BRAND +
      2.3216 * QUALITY +
      0.0879 * NOTORIETY +
     20.1148 * VISITORS_COUNT=около 50,менее 50,около 200,более 3 000,более 300,около 100,более 200,более 100,более 20 000,около 5 000,около 500,более 10 000,более 30 000,около 10 000,более 100 000,более 1 000,около 3 000,около 50 000,,около 1 000,около 100 000,более 2 000,более 200 000,около 1 000 000,около 2 000,более 300 000,около 500 000,более 1 000 000,более 2 000 000,более 3 000 000,около 5 000 000 +
      6.0703 * VISITORS_COUNT=менее 50,около 200,более 3 000,более 300,около 100,более 200,более 100,более 20 000,около 5 000,около 500,более 10 000,более 30 000,около 10 000,более 100 000,более 1 000,около 3 000,около 50 000,,около 1 000,около 100 000,более 2 000,более 200 000,около 1 000 000,около 2 000,более 300 000,около 500 000,более 1 000 000,более 2 000 000,более 3 000 000,около 5 000 000 +
     -7.6976 * VISITORS_COUNT=около 200,более 3 000,более 300,около 100,более 200,более 100,более 20 000,около 5 000,около 500,более 10 000,более 30 000,около 10 000,более 100 000,более 1 000,около 3 000,около 50 000,,около 1 000,около 100 000,более 2 000,более 200 000,около 1 000 000,около 2 000,более 300 000,около 500 000,более 1 000 000,более 2 000 000,более 3 000 000,около 5 000 000 +
    -19.0113 * VISITORS_COUNT=более 3 000,более 300,около 100,более 200,более 100,более 20 000,около 5 000,около 500,более 10 000,более 30 000,около 10 000,более 100 000,более 1 000,около 3 000,около 50 000,,около 1 000,около 100 000,более 2 000,более 200 000,около 1 000 000,около 2 000,более 300 000,около 500 000,более 1 000 000,более 2 000 000,более 3 000 000,около 5 000 000 +
     12.4768 * VISITORS_COUNT=более 300,около 100,более 200,более 100,более 20 000,около 5 000,около 500,более 10 000,более 30 000,около 10 000,более 100 000,более 1 000,около 3 000,около 50 000,,около 1 000,около 100 000,более 2 000,более 200 000,около 1 000 000,около 2 000,более 300 000,около 500 000,более 1 000 000,более 2 000 000,более 3 000 000,около 5 000 000 +
      7.7558 * VISITORS_COUNT=около 100,более 200,более 100,более 20 000,около 5 000,около 500,более 10 000,более 30 000,около 10 000,более 100 000,более 1 000,около 3 000,около 50 000,,около 1 000,около 100 000,более 2 000,более 200 000,около 1 000 000,около 2 000,более 300 000,около 500 000,более 1 000 000,более 2 000 000,более 3 000 000,около 5 000 000 +
     -2.3939 * VISITORS_COUNT=более 200,более 100,более 20 000,около 5 000,около 500,более 10 000,более 30 000,около 10 000,более 100 000,более 1 000,около 3 000,около 50 000,,около 1 000,около 100 000,более 2 000,более 200 000,около 1 000 000,около 2 000,более 300 000,около 500 000,более 1 000 000,более 2 000 000,более 3 000 000,около 5 000 000 +
      4.3795 * VISITORS_COUNT=более 100,более 20 000,около 5 000,около 500,более 10 000,более 30 000,около 10 000,более 100 000,более 1 000,около 3 000,около 50 000,,около 1 000,около 100 000,более 2 000,более 200 000,около 1 000 000,около 2 000,более 300 000,около 500 000,более 1 000 000,более 2 000 000,более 3 000 000,около 5 000 000 +
    -20.6258 * VISITORS_COUNT=более 20 000,около 5 000,около 500,более 10 000,более 30 000,около 10 000,более 100 000,более 1 000,около 3 000,около 50 000,,около 1 000,около 100 000,более 2 000,более 200 000,около 1 000 000,около 2 000,более 300 000,около 500 000,более 1 000 000,более 2 000 000,более 3 000 000,около 5 000 000 +
      0.938  * VISITORS_COUNT=около 5 000,около 500,более 10 000,более 30 000,около 10 000,более 100 000,более 1 000,около 3 000,около 50 000,,около 1 000,около 100 000,более 2 000,более 200 000,около 1 000 000,около 2 000,более 300 000,около 500 000,более 1 000 000,более 2 000 000,более 3 000 000,около 5 000 000 +
     10.118  * VISITORS_COUNT=около 500,более 10 000,более 30 000,около 10 000,более 100 000,более 1 000,около 3 000,около 50 000,,около 1 000,около 100 000,более 2 000,более 200 000,около 1 000 000,около 2 000,более 300 000,около 500 000,более 1 000 000,более 2 000 000,более 3 000 000,около 5 000 000 +
     -7.4013 * VISITORS_COUNT=более 10 000,более 30 000,около 10 000,более 100 000,более 1 000,около 3 000,около 50 000,,около 1 000,около 100 000,более 2 000,более 200 000,около 1 000 000,около 2 000,более 300 000,около 500 000,более 1 000 000,более 2 000 000,более 3 000 000,около 5 000 000 +
     -3.384  * VISITORS_COUNT=более 30 000,около 10 000,более 100 000,более 1 000,около 3 000,около 50 000,,около 1 000,около 100 000,более 2 000,более 200 000,около 1 000 000,около 2 000,более 300 000,около 500 000,более 1 000 000,более 2 000 000,более 3 000 000,около 5 000 000 +
      5.8459 * VISITORS_COUNT=около 10 000,более 100 000,более 1 000,около 3 000,около 50 000,,около 1 000,около 100 000,более 2 000,более 200 000,около 1 000 000,около 2 000,более 300 000,около 500 000,более 1 000 000,более 2 000 000,более 3 000 000,около 5 000 000 +
    -25.4899 * VISITORS_COUNT=более 100 000,более 1 000,около 3 000,около 50 000,,около 1 000,около 100 000,более 2 000,более 200 000,около 1 000 000,около 2 000,более 300 000,около 500 000,более 1 000 000,более 2 000 000,более 3 000 000,около 5 000 000 +
     30.8771 * VISITORS_COUNT=более 1 000,около 3 000,около 50 000,,около 1 000,около 100 000,более 2 000,более 200 000,около 1 000 000,около 2 000,более 300 000,около 500 000,более 1 000 000,более 2 000 000,более 3 000 000,около 5 000 000 +
     18.2347 * VISITORS_COUNT=около 3 000,около 50 000,,около 1 000,около 100 000,более 2 000,более 200 000,около 1 000 000,около 2 000,более 300 000,около 500 000,более 1 000 000,более 2 000 000,более 3 000 000,около 5 000 000 +
    -34.5448 * VISITORS_COUNT=около 50 000,,около 1 000,около 100 000,более 2 000,более 200 000,около 1 000 000,около 2 000,более 300 000,около 500 000,более 1 000 000,более 2 000 000,более 3 000 000,около 5 000 000 +
      8.3283 * VISITORS_COUNT=,около 1 000,около 100 000,более 2 000,более 200 000,около 1 000 000,около 2 000,более 300 000,около 500 000,более 1 000 000,более 2 000 000,более 3 000 000,около 5 000 000 +
      8.319  * VISITORS_COUNT=около 1 000,около 100 000,более 2 000,более 200 000,около 1 000 000,около 2 000,более 300 000,около 500 000,более 1 000 000,более 2 000 000,более 3 000 000,около 5 000 000 +
    -24.3563 * VISITORS_COUNT=около 100 000,более 2 000,более 200 000,около 1 000 000,около 2 000,более 300 000,около 500 000,более 1 000 000,более 2 000 000,более 3 000 000,около 5 000 000 +
