
Linear Regression Model

PRICE =

      0.0273 * WEALTH_INDEX +
      0.2073 * EDUCATION_INDEX +
      0.0187 * AVERAGE_SALARY +
     72.2591 * MARKET_INDEX=,D,C,AAA,B,AA,A +
    -74.431  * MARKET_INDEX=D,C,AAA,B,AA,A +
      2.6375 * MARKET_INDEX=AAA,B,AA,A +
     -4.77   * MARKET_INDEX=B,AA,A +
     12.1816 * MARKET_INDEX=AA,A +
     10.1206 * MARKET_INDEX=A +
      0      * MARKET_VOLUME +
     -0.0107 * LOCAL_PERCENT +
      0.5251 * LOCAL_PRICE +
      0.6361 * LOCAL_QUALITY +
    -10.2357 * SHOP_SIZE=500,1000,10000,3,2,5,4,1,100000 +
     -9.2729 * SHOP_SIZE=1000,10000,3,2,5,4,1,100000 +
     -8.7328 * SHOP_SIZE=10000,3,2,5,4,1,100000 +
     -1.4267 * SHOP_SIZE=3,2,5,4,1,100000 +
     -1.3754 * SHOP_SIZE=2,5,4,1,100000 +
     -1.4103 * SHOP_SIZE=5,4,1,100000 +
     -1.3834 * SHOP_SIZE=4,1,100000 +
     -1.3465 * SHOP_SIZE=1,100000 +
     -1.3996 * SHOP_SIZE=100000 +
     -1.1204 * TOWN_DISTRICT=Спальный район,Пригород,,Центр города,Фешенебельный район +
      6.836  * TOWN_DISTRICT=Пригород,,Центр города,Фешенебельный район +
     -3.1123 * TOWN_DISTRICT=,Центр города,Фешенебельный район +
     -3.1168 * TOWN_DISTRICT=Центр города,Фешенебельный район +
     16.6399 * TOWN_DISTRICT=Фешенебельный район +
     -5.5668 * DEPARTMENT_COUNT=4,2,10,5,6,1,7,8,9 +
      8.8963 * DEPARTMENT_COUNT=2,10,5,6,1,7,8,9 +
     -1.3552 * DEPARTMENT_COUNT=10,5,6,1,7,8,9 +
      1.2825 * DEPARTMENT_COUNT=5,6,1,7,8,9 +
     -5.122  * DEPARTMENT_COUNT=6,1,7,8,9 +
      6.1201 * DEPARTMENT_COUNT=1,7,8,9 +
     -3.5545 * DEPARTMENT_COUNT=7,8,9 +
      0.7516 * DEPARTMENT_COUNT=8,9 +
     12.0192 * DEPARTMENT_COUNT=9 +
      1.8887 * BRAND +
      0.6932 * QUALITY +
     -0.0637 * NOTORIETY +
    -74.8395 * VISITORS_COUNT=менее 50,более 3 000 000,около 50,более 100,около 2 000,более 200,около 500,около 300,более 300,около 200,около 100,более 3 000,около 10 000,более 2 000,около 1 000,более 10 000,около 5 000,более 1 000,около 3 000,около 50 000,,более 20 000,более 30 000,около 100 000,около 5 000 000,более 100 000,более 2 000 000,около 1 000 000,более 200 000,около 30 000,более 1 000 000,более 300 000,около 500 000 +
     88.9003 * VISITORS_COUNT=более 3 000 000,около 50,более 100,около 2 000,более 200,около 500,около 300,более 300,около 200,около 100,более 3 000,около 10 000,более 2 000,около 1 000,более 10 000,около 5 000,более 1 000,около 3 000,около 50 000,,более 20 000,более 30 000,около 100 000,около 5 000 000,более 100 000,более 2 000 000,около 1 000 000,более 200 000,около 30 000,более 1 000 000,более 300 000,около 500 000 +
    -78.2706 * VISITORS_COUNT=около 50,более 100,около 2 000,более 200,около 500,около 300,более 300,около 200,около 100,более 3 000,около 10 000,более 2 000,около 1 000,более 10 000,около 5 000,более 1 000,около 3 000,около 50 000,,более 20 000,более 30 000,около 100 000,около 5 000 000,более 100 000,более 2 000 000,около 1 000 000,более 200 000,около 30 000,более 1 000 000,более 300 000,около 500 000 +
     11.195  * VISITORS_COUNT=более 100,около 2 000,более 200,около 500,около 300,более 300,около 200,около 100,более 3 000,около 10 000,более 2 000,около 1 000,более 10 000,около 5 000,более 1 000,около 3 000,около 50 000,,более 20 000,более 30 000,около 100 000,около 5 000 000,более 100 000,более 2 000 000,около 1 000 000,более 200 000,около 30 000,более 1 000 000,более 300 000,около 500 000 +
     24.9325 * VISITORS_COUNT=около 2 000,более 200,около 500,около 300,более 300,около 200,около 100,более 3 000,около 10 000,более 2 000,около 1 000,более 10 000,около 5 000,более 1 000,около 3 000,около 50 000,,более 20 000,более 30 000,около 100 000,около 5 000 000,более 100 000,более 2 000 000,около 1 000 000,более 200 000,около 30 000,более 1 000 000,более 300 000,около 500 000 +
    -18.4667 * VISITORS_COUNT=более 200,около 500,около 300,более 300,около 200,около 100,более 3 000,около 10 000,более 2 000,около 1 000,более 10 000,около 5 000,более 1 000,около 3 000,около 50 000,,более 20 000,более 30 000,около 100 000,около 5 000 000,более 100 000,более 2 000 000,около 1 000 000,более 200 000,около 30 000,более 1 000 000,более 300 000,около 500 000 +
      7.3963 * VISITORS_COUNT=около 500,около 300,более 300,около 200,около 100,более 3 000,около 10 000,более 2 000,около 1 000,более 10 000,около 5 000,более 1 000,около 3 000,около 50 000,,более 20 000,более 30 000,около 100 000,около 5 000 000,более 100 000,более 2 000 000,около 1 000 000,более 200 000,около 30 000,более 1 000 000,более 300 000,около 500 000 +
     -3.1151 * VISITORS_COUNT=более 300,около 200,около 100,более 3 000,около 10 000,более 2 000,около 1 000,более 10 000,около 5 000,более 1 000,около 3 000,около 50 000,,более 20 000,более 30 000,около 100 000,около 5 000 000,более 100 000,более 2 000 000,около 1 000 000,более 200 000,около 30 000,более 1 000 000,более 300 000,около 500 000 +
     -8.3847 * VISITORS_COUNT=около 200,около 100,более 3 000,около 10 000,более 2 000,около 1 000,более 10 000,около 5 000,более 1 000,около 3 000,около 50 000,,более 20 000,более 30 000,около 100 000,около 5 000 000,более 100 000,более 2 000 000,около 1 000 000,более 200 000,около 30 000,более 1 000 000,более 300 000,около 500 000 +
     -2.3681 * VISITORS_COUNT=около 100,более 3 000,около 10 000,более 2 000,около 1 000,более 10 000,около 5 000,более 1 000,около 3 000,около 50 000,,более 20 000,более 30 000,около 100 000,около 5 000 000,более 100 000,более 2 000 000,около 1 000 000,более 200 000,около 30 000,более 1 000 000,более 300 000,около 500 000 +
     33.8481 * VISITORS_COUNT=более 3 000,около 10 000,более 2 000,около 1 000,более 10 000,около 5 000,более 1 000,около 3 000,около 50 000,,более 20 000,более 30 000,около 100 000,около 5 000 000,более 100 000,более 2 000 000,около 1 000 000,более 200 000,около 30 000,более 1 000 000,более 300 000,около 500 000 +
      4.1889 * VISITORS_COUNT=около 10 000,более 2 000,около 1 000,более 10 000,около 5 000,более 1 000,около 3 000,около 50 000,,более 20 000,более 30 000,около 100 000,около 5 000 000,более 100 000,более 2 000 000,около 1 000 000,более 200 000,около 30 000,более 1 000 000,более 300 000,около 500 000 +
     -7.8003 * VISITORS_COUNT=более 2 000,около 1 000,более 10 000,около 5 000,более 1 000,около 3 000,около 50 000,,более 20 000,более 30 000,около 100 000,около 5 000 000,более 100 000,более 2 000 000,около 1 000 000,более 200 000,около 30 000,более 1 000 000,более 300 000,около 500 000 +
     -7.743  * VISITORS_COUNT=около 1 000,более 10 000,около 5 000,более 1 000,около 3 000,около 50 000,,более 20 000,более 30 000,около 100 000,около 5 000 000,более 100 000,более 2 000 000,около 1 000 000,более 200 000,около 30 000,более 1 000 000,более 300 000,около 500 000 +
     22.8861 * VISITORS_COUNT=более 10 000,около 5 000,более 1 000,около 3 000,около 50 000,,более 20 000,более 30 000,около 100 000,около 5 000 000,более 100 000,более 2 000 000,около 1 000 000,более 200 000,около 30 000,более 1 000 000,более 300 000,около 500 000 +
     -8.1278 * VISITORS_COUNT=около 5 000,более 1 000,около 3 000,около 50 000,,более 20 000,более 30 000,около 100 000,около 5 000 000,более 100 000,более 2 000 000,около 1 000 000,более 200 000,около 30 000,более 1 000 000,более 300 000,около 500 000 +
    -10.7534 * VISITORS_COUNT=более 1 000,около 3 000,около 50 000,,более 20 000,более 30 000,около 100 000,около 5 000 000,более 100 000,более 2 000 000,около 1 000 000,более 200 000,около 30 000,более 1 000 000,более 300 000,около 500 000 +
     17.5042 * VISITORS_COUNT=около 3 000,около 50 000,,более 20 000,более 30 000,около 100 000,около 5 000 000,более 100 000,более 2 000 000,около 1 000 000,более 200 000,около 30 000,более 1 000 000,более 300 000,около 500 000 +
     10.9379 * VISITORS_COUNT=около 50 000,,более 20 000,более 30 000,около 100 000,около 5 000 000,более 100 000,более 2 000 000,около 1 000 000,более 200 000,около 30 000,более 1 000 000,более 300 000,около 500 000 +
