
Linear Regression Model

PRICE =

     -0.2612 * WEALTH_INDEX +
    -10.3903 * EDUCATION_INDEX +
      0.1283 * AVERAGE_SALARY +
     41.2647 * MARKET_INDEX=,D,B,C,AAA,AA,A +
     41.2632 * MARKET_INDEX=D,B,C,AAA,AA,A +
     99.1241 * MARKET_INDEX=B,C,AAA,AA,A +
    -44.3579 * MARKET_INDEX=C,AAA,AA,A +
   -114.1832 * MARKET_INDEX=AAA,AA,A +
    151.2006 * MARKET_INDEX=A +
      0      * MARKET_VOLUME +
      2.2346 * LOCAL_PERCENT +
      0.9707 * LOCAL_PRICE +
    -18.348  * LOCAL_QUALITY +
    -32.9486 * SHOP_SIZE=500,10000,3,2,5,4,1,1000,100000 +
     18.5246 * SHOP_SIZE=10000,3,2,5,4,1,1000,100000 +
      9.9983 * SHOP_SIZE=3,2,5,4,1,1000,100000 +
      9.9988 * SHOP_SIZE=2,5,4,1,1000,100000 +
     10.0359 * SHOP_SIZE=5,4,1,1000,100000 +
     10.0049 * SHOP_SIZE=4,1,1000,100000 +
     10.0925 * SHOP_SIZE=1,1000,100000 +
     10.0585 * SHOP_SIZE=1000,100000 +
     80.1797 * SHOP_SIZE=100000 +
     28.6833 * TOWN_DISTRICT=Окраина,Спальный район,,Фешенебельный район,Центр города +
    -36.1346 * TOWN_DISTRICT=,Фешенебельный район,Центр города +
    -36.028  * TOWN_DISTRICT=Фешенебельный район,Центр города +
     86.7553 * TOWN_DISTRICT=Центр города +
     21.7345 * DEPARTMENT_COUNT=10,3,7,4,2,8,9,5,1 +
     19.769  * DEPARTMENT_COUNT=3,7,4,2,8,9,5,1 +
    -10.075  * DEPARTMENT_COUNT=7,4,2,8,9,5,1 +
     38.5077 * DEPARTMENT_COUNT=4,2,8,9,5,1 +
    -24.0903 * DEPARTMENT_COUNT=2,8,9,5,1 +
    -52.3891 * DEPARTMENT_COUNT=8,9,5,1 +
     48.0829 * DEPARTMENT_COUNT=9,5,1 +
     50.5091 * DEPARTMENT_COUNT=5,1 +
    -17.3672 * DEPARTMENT_COUNT=1 +
     32.1563 * BRAND +
     30.0733 * QUALITY +
      0.5519 * NOTORIETY +
    372.2387 * VISITORS_COUNT=менее 50,около 50,более 100,около 200,более 300,около 100,около 5 000 000,более 200,около 300,более 3 000,более 30 000,около 50 000,около 3 000,около 500,около 10 000,около 5 000,более 2 000,около 1 000,более 10 000,более 2 000 000,около 2 000,более 20 000,более 100 000,,около 100 000,более 1 000,около 1 000 000,более 1 000 000,более 200 000,более 300 000,около 500 000 +
    -21.7002 * VISITORS_COUNT=более 100,около 200,более 300,около 100,около 5 000 000,более 200,около 300,более 3 000,более 30 000,около 50 000,около 3 000,около 500,около 10 000,около 5 000,более 2 000,около 1 000,более 10 000,более 2 000 000,около 2 000,более 20 000,более 100 000,,около 100 000,более 1 000,около 1 000 000,более 1 000 000,более 200 000,более 300 000,около 500 000 +
     16.5123 * VISITORS_COUNT=около 200,более 300,около 100,около 5 000 000,более 200,около 300,более 3 000,более 30 000,около 50 000,около 3 000,около 500,около 10 000,около 5 000,более 2 000,около 1 000,более 10 000,более 2 000 000,около 2 000,более 20 000,более 100 000,,около 100 000,более 1 000,около 1 000 000,более 1 000 000,более 200 000,более 300 000,около 500 000 +
    -88.648  * VISITORS_COUNT=более 300,около 100,около 5 000 000,более 200,около 300,более 3 000,более 30 000,около 50 000,около 3 000,около 500,около 10 000,около 5 000,более 2 000,около 1 000,более 10 000,более 2 000 000,около 2 000,более 20 000,более 100 000,,около 100 000,более 1 000,около 1 000 000,более 1 000 000,более 200 000,более 300 000,около 500 000 +
     75.0773 * VISITORS_COUNT=около 100,около 5 000 000,более 200,около 300,более 3 000,более 30 000,около 50 000,около 3 000,около 500,около 10 000,около 5 000,более 2 000,около 1 000,более 10 000,более 2 000 000,около 2 000,более 20 000,более 100 000,,около 100 000,более 1 000,около 1 000 000,более 1 000 000,более 200 000,более 300 000,около 500 000 +
   -398.603  * VISITORS_COUNT=около 5 000 000,более 200,около 300,более 3 000,более 30 000,около 50 000,около 3 000,около 500,около 10 000,около 5 000,более 2 000,около 1 000,более 10 000,более 2 000 000,около 2 000,более 20 000,более 100 000,,около 100 000,более 1 000,около 1 000 000,более 1 000 000,более 200 000,более 300 000,около 500 000 +
    361.995  * VISITORS_COUNT=более 200,около 300,более 3 000,более 30 000,около 50 000,около 3 000,около 500,около 10 000,около 5 000,более 2 000,около 1 000,более 10 000,более 2 000 000,около 2 000,более 20 000,более 100 000,,около 100 000,более 1 000,около 1 000 000,более 1 000 000,более 200 000,более 300 000,около 500 000 +
    -56.2951 * VISITORS_COUNT=около 300,более 3 000,более 30 000,около 50 000,около 3 000,около 500,около 10 000,около 5 000,более 2 000,около 1 000,более 10 000,более 2 000 000,около 2 000,более 20 000,более 100 000,,около 100 000,более 1 000,около 1 000 000,более 1 000 000,более 200 000,более 300 000,около 500 000 +
    -31.8995 * VISITORS_COUNT=более 3 000,более 30 000,около 50 000,около 3 000,около 500,около 10 000,около 5 000,более 2 000,около 1 000,более 10 000,более 2 000 000,около 2 000,более 20 000,более 100 000,,около 100 000,более 1 000,около 1 000 000,более 1 000 000,более 200 000,более 300 000,около 500 000 +
    -49.7631 * VISITORS_COUNT=более 30 000,около 50 000,около 3 000,около 500,около 10 000,около 5 000,более 2 000,около 1 000,более 10 000,более 2 000 000,около 2 000,более 20 000,более 100 000,,около 100 000,более 1 000,около 1 000 000,более 1 000 000,более 200 000,более 300 000,около 500 000 +
    -36.3454 * VISITORS_COUNT=около 50 000,около 3 000,около 500,около 10 000,около 5 000,более 2 000,около 1 000,более 10 000,более 2 000 000,около 2 000,более 20 000,более 100 000,,около 100 000,более 1 000,около 1 000 000,более 1 000 000,более 200 000,более 300 000,около 500 000 +
    142.4648 * VISITORS_COUNT=около 3 000,около 500,около 10 000,около 5 000,более 2 000,около 1 000,более 10 000,более 2 000 000,около 2 000,более 20 000,более 100 000,,около 100 000,более 1 000,около 1 000 000,более 1 000 000,более 200 000,более 300 000,около 500 000 +
    -21.8277 * VISITORS_COUNT=около 10 000,около 5 000,более 2 000,около 1 000,более 10 000,более 2 000 000,около 2 000,более 20 000,более 100 000,,около 100 000,более 1 000,около 1 000 000,более 1 000 000,более 200 000,более 300 000,около 500 000 +
    -19.5778 * VISITORS_COUNT=около 5 000,более 2 000,около 1 000,более 10 000,более 2 000 000,около 2 000,более 20 000,более 100 000,,около 100 000,более 1 000,около 1 000 000,более 1 000 000,более 200 000,более 300 000,около 500 000 +
      9.2619 * VISITORS_COUNT=более 2 000,около 1 000,более 10 000,более 2 000 000,около 2 000,более 20 000,более 100 000,,около 100 000,более 1 000,около 1 000 000,более 1 000 000,более 200 000,более 300 000,около 500 000 +
     17.6065 * VISITORS_COUNT=около 1 000,более 10 000,более 2 000 000,около 2 000,более 20 000,более 100 000,,около 100 000,более 1 000,около 1 000 000,более 1 000 000,более 200 000,более 300 000,около 500 000 +
    -34.5764 * VISITORS_COUNT=более 10 000,более 2 000 000,около 2 000,более 20 000,более 100 000,,около 100 000,более 1 000,около 1 000 000,более 1 000 000,более 200 000,более 300 000,около 500 000 +
   -158.776  * VISITORS_COUNT=более 2 000 000,около 2 000,более 20 000,более 100 000,,около 100 000,более 1 000,около 1 000 000,более 1 000 000,более 200 000,более 300 000,около 500 000 +
    325.997  * VISITORS_COUNT=около 2 000,более 20 000,более 100 000,,около 100 000,более 1 000,около 1 000 000,более 1 000 000,более 200 000,более 300 000,около 500 000 +
   -188.2166 * VISITORS_COUNT=более 20 000,более 100 000,,около 100 000,более 1 000,около 1 000 000,более 1 000 000,более 200 000,более 300 000,около 500 000 +
   -103.3659 * VISITORS_COUNT=более 100 000,,около 100 000,более 1 000,около 1 000 000,более 1 000 000,более 200 000,более 300 000,около 500 000 +
     21.0901 * VISITORS_COUNT=,около 100 000,более 1 000,около 1 000 000,более 1 000 000,более 200 000,более 300 000,около 500 000 +
     21.0882 * VISITORS_COUNT=около 100 000,более 1 000,около 1 000 000,более 1 000 000,более 200 000,более 300 000,около 500 000 +
    137.9031 * VISITORS_COUNT=более 1 000,около 1 000 000,более 1 000 000,более 200 000,более 300 000,около 500 000 +
   -121.411  * VISITORS_COUNT=около 1 000 000,более 1 000 000,более 200 000,более 300 000,около 500 000 +
