
Linear Regression Model

PRICE =

      3.4034 * WEALTH_INDEX +
    -51.9182 * EDUCATION_INDEX +
      0.7397 * AVERAGE_SALARY +
   -913.2771 * MARKET_INDEX=D,,E,C,AAA,AA,A +
   -386.2053 * MARKET_INDEX=,E,C,AAA,AA,A +
   -387.0411 * MARKET_INDEX=E,C,AAA,AA,A +
   2215.7564 * MARKET_INDEX=C,AAA,AA,A +
  -3655.4105 * MARKET_INDEX=AAA,AA,A +
   1025.8837 * MARKET_INDEX=AA,A +
   2630.9539 * MARKET_INDEX=A +
     -0.0002 * MARKET_VOLUME +
     39.9909 * LOCAL_PERCENT +
      1.2421 * LOCAL_PRICE +
    -17.8421 * LOCAL_QUALITY +
   -505.4091 * SHOP_SIZE=500,10000,1000,3,2,5,4,1,100000 +
    192.8301 * SHOP_SIZE=10000,1000,3,2,5,4,1,100000 +
    158.8387 * SHOP_SIZE=1000,3,2,5,4,1,100000 +
    121.1711 * SHOP_SIZE=3,2,5,4,1,100000 +
    122.2694 * SHOP_SIZE=2,5,4,1,100000 +
    122.5113 * SHOP_SIZE=5,4,1,100000 +
    122.0725 * SHOP_SIZE=4,1,100000 +
    121.8875 * SHOP_SIZE=1,100000 +
    121.644  * SHOP_SIZE=100000 +
    712.2541 * TOWN_DISTRICT=Окраина,Спальный район,Фешенебельный район,,Центр города +
   -171.6555 * TOWN_DISTRICT=Спальный район,Фешенебельный район,,Центр города +
   -939.3688 * TOWN_DISTRICT=Фешенебельный район,,Центр города +
    596.111  * TOWN_DISTRICT=,Центр города +
    596.0823 * TOWN_DISTRICT=Центр города +
    113.4846 * DEPARTMENT_COUNT=7,2,4,3,8,9,1,10 +
    210.3199 * DEPARTMENT_COUNT=2,4,3,8,9,1,10 +
    109.0075 * DEPARTMENT_COUNT=4,3,8,9,1,10 +
   -208.0871 * DEPARTMENT_COUNT=3,8,9,1,10 +
     48.9211 * DEPARTMENT_COUNT=8,9,1,10 +
    559.6951 * DEPARTMENT_COUNT=9,1,10 +
   -189.5013 * DEPARTMENT_COUNT=1,10 +
    947.1621 * DEPARTMENT_COUNT=10 +
    487.9883 * BRAND +
     76.7324 * QUALITY +
      2.5875 * NOTORIETY +
   -184.7887 * VISITORS_COUNT=около 50,около 100,более 100,около 200,более 3 000,около 300,более 200,около 5 000,более 2 000,около 3 000,около 500,около 10 000,более 300,более 20 000,более 30 000,более 10 000,более 100 000,около 100 000,около 1 000 000,более 2 000 000,около 50 000,около 1 000,более 1 000 000,,более 1 000,около 2 000,более 3 000 000,более 200 000,около 5 000 000,более 300 000,около 500 000 +
    437.5175 * VISITORS_COUNT=около 100,более 100,около 200,более 3 000,около 300,более 200,около 5 000,более 2 000,около 3 000,около 500,около 10 000,более 300,более 20 000,более 30 000,более 10 000,более 100 000,около 100 000,около 1 000 000,более 2 000 000,около 50 000,около 1 000,более 1 000 000,,более 1 000,около 2 000,более 3 000 000,более 200 000,около 5 000 000,более 300 000,около 500 000 +
   -183.7356 * VISITORS_COUNT=более 100,около 200,более 3 000,около 300,более 200,около 5 000,более 2 000,около 3 000,около 500,около 10 000,более 300,более 20 000,более 30 000,более 10 000,более 100 000,около 100 000,около 1 000 000,более 2 000 000,около 50 000,около 1 000,более 1 000 000,,более 1 000,около 2 000,более 3 000 000,более 200 000,около 5 000 000,более 300 000,около 500 000 +
   -253.6263 * VISITORS_COUNT=около 200,более 3 000,около 300,более 200,около 5 000,более 2 000,около 3 000,около 500,около 10 000,более 300,более 20 000,более 30 000,более 10 000,более 100 000,около 100 000,около 1 000 000,более 2 000 000,около 50 000,около 1 000,более 1 000 000,,более 1 000,около 2 000,более 3 000 000,более 200 000,около 5 000 000,более 300 000,около 500 000 +
   -454.259  * VISITORS_COUNT=более 3 000,около 300,более 200,около 5 000,более 2 000,около 3 000,около 500,около 10 000,более 300,более 20 000,более 30 000,более 10 000,более 100 000,около 100 000,около 1 000 000,более 2 000 000,около 50 000,около 1 000,более 1 000 000,,более 1 000,около 2 000,более 3 000 000,более 200 000,около 5 000 000,более 300 000,около 500 000 +
    745.945  * VISITORS_COUNT=около 300,более 200,около 5 000,более 2 000,около 3 000,около 500,около 10 000,более 300,более 20 000,более 30 000,более 10 000,более 100 000,около 100 000,около 1 000 000,более 2 000 000,около 50 000,около 1 000,более 1 000 000,,более 1 000,около 2 000,более 3 000 000,более 200 000,около 5 000 000,более 300 000,около 500 000 +
   -163.0901 * VISITORS_COUNT=более 200,около 5 000,более 2 000,около 3 000,около 500,около 10 000,более 300,более 20 000,более 30 000,более 10 000,более 100 000,около 100 000,около 1 000 000,более 2 000 000,около 50 000,около 1 000,более 1 000 000,,более 1 000,около 2 000,более 3 000 000,более 200 000,около 5 000 000,более 300 000,около 500 000 +
   -436.3858 * VISITORS_COUNT=около 5 000,более 2 000,около 3 000,около 500,около 10 000,более 300,более 20 000,более 30 000,более 10 000,более 100 000,около 100 000,около 1 000 000,более 2 000 000,около 50 000,около 1 000,более 1 000 000,,более 1 000,около 2 000,более 3 000 000,более 200 000,около 5 000 000,более 300 000,около 500 000 +
    -45.6938 * VISITORS_COUNT=более 2 000,около 3 000,около 500,около 10 000,более 300,более 20 000,более 30 000,более 10 000,более 100 000,около 100 000,около 1 000 000,более 2 000 000,около 50 000,около 1 000,более 1 000 000,,более 1 000,около 2 000,более 3 000 000,более 200 000,около 5 000 000,более 300 000,около 500 000 +
   -115.5175 * VISITORS_COUNT=около 3 000,около 500,около 10 000,более 300,более 20 000,более 30 000,более 10 000,более 100 000,около 100 000,около 1 000 000,более 2 000 000,около 50 000,около 1 000,более 1 000 000,,более 1 000,около 2 000,более 3 000 000,более 200 000,около 5 000 000,более 300 000,около 500 000 +
    491.3985 * VISITORS_COUNT=около 500,около 10 000,более 300,более 20 000,более 30 000,более 10 000,более 100 000,около 100 000,около 1 000 000,более 2 000 000,около 50 000,около 1 000,более 1 000 000,,более 1 000,около 2 000,более 3 000 000,более 200 000,около 5 000 000,более 300 000,около 500 000 +
   -114.4657 * VISITORS_COUNT=около 10 000,более 300,более 20 000,более 30 000,более 10 000,более 100 000,около 100 000,около 1 000 000,более 2 000 000,около 50 000,около 1 000,более 1 000 000,,более 1 000,около 2 000,более 3 000 000,более 200 000,около 5 000 000,более 300 000,около 500 000 +
    537.7321 * VISITORS_COUNT=более 300,более 20 000,более 30 000,более 10 000,более 100 000,около 100 000,около 1 000 000,более 2 000 000,около 50 000,около 1 000,более 1 000 000,,более 1 000,около 2 000,более 3 000 000,более 200 000,около 5 000 000,более 300 000,около 500 000 +
   -710.5243 * VISITORS_COUNT=более 20 000,более 30 000,более 10 000,более 100 000,около 100 000,около 1 000 000,более 2 000 000,около 50 000,около 1 000,более 1 000 000,,более 1 000,около 2 000,более 3 000 000,более 200 000,около 5 000 000,более 300 000,около 500 000 +
   -138.1674 * VISITORS_COUNT=более 30 000,более 10 000,более 100 000,около 100 000,около 1 000 000,более 2 000 000,около 50 000,около 1 000,более 1 000 000,,более 1 000,около 2 000,более 3 000 000,более 200 000,около 5 000 000,более 300 000,около 500 000 +
    275.7388 * VISITORS_COUNT=более 10 000,более 100 000,около 100 000,около 1 000 000,более 2 000 000,около 50 000,около 1 000,более 1 000 000,,более 1 000,около 2 000,более 3 000 000,более 200 000,около 5 000 000,более 300 000,около 500 000 +
   -798.7703 * VISITORS_COUNT=более 100 000,около 100 000,около 1 000 000,более 2 000 000,около 50 000,около 1 000,более 1 000 000,,более 1 000,около 2 000,более 3 000 000,более 200 000,около 5 000 000,более 300 000,около 500 000 +
     66.4734 * VISITORS_COUNT=около 100 000,около 1 000 000,более 2 000 000,около 50 000,около 1 000,более 1 000 000,,более 1 000,около 2 000,более 3 000 000,более 200 000,около 5 000 000,более 300 000,около 500 000 +
     87.0006 * VISITORS_COUNT=около 1 000 000,более 2 000 000,около 50 000,около 1 000,более 1 000 000,,более 1 000,около 2 000,более 3 000 000,более 200 000,около 5 000 000,более 300 000,около 500 000 +
    379.6317 * VISITORS_COUNT=около 50 000,около 1 000,более 1 000 000,,более 1 000,около 2 000,более 3 000 000,более 200 000,около 5 000 000,более 300 000,около 500 000 +
    523.4905 * VISITORS_COUNT=около 1 000,более 1 000 000,,более 1 000,около 2 000,более 3 000 000,более 200 000,около 5 000 000,более 300 000,около 500 000 +
