
Linear Regression Model

PRICE =

     -0.9975 * WEALTH_INDEX +
    -11.6489 * EDUCATION_INDEX +
      0.2045 * AVERAGE_SALARY +
    -60.5    * MARKET_INDEX=D,B,E,AAA,A,AA +
     47.7971 * MARKET_INDEX=B,E,AAA,A,AA +
    -96.6519 * MARKET_INDEX=E,AAA,A,AA +
     88.0304 * MARKET_INDEX=A,AA +
     86.4369 * MARKET_INDEX=AA +
      0      * MARKET_VOLUME +
      2.5231 * LOCAL_PERCENT +
      0.828  * LOCAL_PRICE +
     -9.2409 * LOCAL_QUALITY +
    -90.5155 * SHOP_SIZE=500,10000,1000,3,2,5,4,1,100000 +
   -173.6452 * SHOP_SIZE=10000,1000,3,2,5,4,1,100000 +
    150.0116 * SHOP_SIZE=1000,3,2,5,4,1,100000 +
    -31.3872 * SHOP_SIZE=3,2,5,4,1,100000 +
    -31.2665 * SHOP_SIZE=2,5,4,1,100000 +
    -31.4257 * SHOP_SIZE=5,4,1,100000 +
    -31.5961 * SHOP_SIZE=4,1,100000 +
    -32.542  * SHOP_SIZE=1,100000 +
    -33.2239 * SHOP_SIZE=100000 +
    -19.0824 * TOWN_DISTRICT=Пригород,Спальный район,,Фешенебельный район,Центр города +
      8.7551 * TOWN_DISTRICT=Спальный район,,Фешенебельный район,Центр города +
     43.219  * TOWN_DISTRICT=,Фешенебельный район,Центр города +
     43.2671 * TOWN_DISTRICT=Фешенебельный район,Центр города +
    -86.2264 * TOWN_DISTRICT=Центр города +
     30.0553 * DEPARTMENT_COUNT=4,6,3,7,5,1,9,8,10 +
    -38.9315 * DEPARTMENT_COUNT=6,3,7,5,1,9,8,10 +
     42.3432 * DEPARTMENT_COUNT=3,7,5,1,9,8,10 +
   -112.8462 * DEPARTMENT_COUNT=7,5,1,9,8,10 +
    134.2555 * DEPARTMENT_COUNT=5,1,9,8,10 +
    -30.0174 * DEPARTMENT_COUNT=1,9,8,10 +
     42.0261 * DEPARTMENT_COUNT=9,8,10 +
   -123.5359 * DEPARTMENT_COUNT=8,10 +
    370.3001 * DEPARTMENT_COUNT=10 +
     18.6585 * BRAND +
      7.3379 * QUALITY +
     -0.3005 * NOTORIETY +
     34.1767 * VISITORS_COUNT=около 300,более 300,около 50,более 100,около 500,более 30 000,около 5 000,около 10 000,более 20 000,более 200,около 1 000,более 3 000,около 200,более 1 000,около 100,около 100 000,более 10 000,более 2 000,более 2 000 000,,около 50 000,более 100 000,около 30 000,около 2 000,более 200 000,около 1 000 000,более 1 000 000,около 3 000,более 3 000 000,более 300 000,около 500 000,около 5 000 000 +
    107.0173 * VISITORS_COUNT=более 300,около 50,более 100,около 500,более 30 000,около 5 000,около 10 000,более 20 000,более 200,около 1 000,более 3 000,около 200,более 1 000,около 100,около 100 000,более 10 000,более 2 000,более 2 000 000,,около 50 000,более 100 000,около 30 000,около 2 000,более 200 000,около 1 000 000,более 1 000 000,около 3 000,более 3 000 000,более 300 000,около 500 000,около 5 000 000 +
    -66.2756 * VISITORS_COUNT=около 50,более 100,около 500,более 30 000,около 5 000,около 10 000,более 20 000,более 200,около 1 000,более 3 000,около 200,более 1 000,около 100,около 100 000,более 10 000,более 2 000,более 2 000 000,,около 50 000,более 100 000,около 30 000,около 2 000,более 200 000,около 1 000 000,более 1 000 000,около 3 000,более 3 000 000,более 300 000,около 500 000,около 5 000 000 +
     55.9557 * VISITORS_COUNT=более 100,около 500,более 30 000,около 5 000,около 10 000,более 20 000,более 200,около 1 000,более 3 000,около 200,более 1 000,около 100,около 100 000,более 10 000,более 2 000,более 2 000 000,,около 50 000,более 100 000,около 30 000,около 2 000,более 200 000,около 1 000 000,более 1 000 000,около 3 000,более 3 000 000,более 300 000,около 500 000,около 5 000 000 +
     40.5952 * VISITORS_COUNT=около 500,более 30 000,около 5 000,около 10 000,более 20 000,более 200,около 1 000,более 3 000,около 200,более 1 000,около 100,около 100 000,более 10 000,более 2 000,более 2 000 000,,около 50 000,более 100 000,около 30 000,около 2 000,более 200 000,около 1 000 000,более 1 000 000,около 3 000,более 3 000 000,более 300 000,около 500 000,около 5 000 000 +
    331.9491 * VISITORS_COUNT=более 30 000,около 5 000,около 10 000,более 20 000,более 200,около 1 000,более 3 000,около 200,более 1 000,около 100,около 100 000,более 10 000,более 2 000,более 2 000 000,,около 50 000,более 100 000,около 30 000,около 2 000,более 200 000,около 1 000 000,более 1 000 000,около 3 000,более 3 000 000,более 300 000,около 500 000,около 5 000 000 +
   -119.2565 * VISITORS_COUNT=около 5 000,около 10 000,более 20 000,более 200,около 1 000,более 3 000,около 200,более 1 000,около 100,около 100 000,более 10 000,более 2 000,более 2 000 000,,около 50 000,более 100 000,около 30 000,около 2 000,более 200 000,около 1 000 000,более 1 000 000,около 3 000,более 3 000 000,более 300 000,около 500 000,около 5 000 000 +
     59.7588 * VISITORS_COUNT=около 10 000,более 20 000,более 200,около 1 000,более 3 000,около 200,более 1 000,около 100,около 100 000,более 10 000,более 2 000,более 2 000 000,,около 50 000,более 100 000,около 30 000,около 2 000,более 200 000,около 1 000 000,более 1 000 000,около 3 000,более 3 000 000,более 300 000,около 500 000,около 5 000 000 +
     54.6348 * VISITORS_COUNT=более 20 000,более 200,около 1 000,более 3 000,около 200,более 1 000,около 100,около 100 000,более 10 000,более 2 000,более 2 000 000,,около 50 000,более 100 000,около 30 000,около 2 000,более 200 000,около 1 000 000,более 1 000 000,около 3 000,более 3 000 000,более 300 000,около 500 000,около 5 000 000 +
   -322.9234 * VISITORS_COUNT=более 200,около 1 000,более 3 000,около 200,более 1 000,около 100,около 100 000,более 10 000,более 2 000,более 2 000 000,,около 50 000,более 100 000,около 30 000,около 2 000,более 200 000,около 1 000 000,более 1 000 000,около 3 000,более 3 000 000,более 300 000,около 500 000,около 5 000 000 +
     81.7324 * VISITORS_COUNT=около 1 000,более 3 000,около 200,более 1 000,около 100,около 100 000,более 10 000,более 2 000,более 2 000 000,,около 50 000,более 100 000,около 30 000,около 2 000,более 200 000,около 1 000 000,более 1 000 000,около 3 000,более 3 000 000,более 300 000,около 500 000,около 5 000 000 +
     86.2315 * VISITORS_COUNT=более 3 000,около 200,более 1 000,около 100,около 100 000,более 10 000,более 2 000,более 2 000 000,,около 50 000,более 100 000,около 30 000,около 2 000,более 200 000,около 1 000 000,более 1 000 000,около 3 000,более 3 000 000,более 300 000,около 500 000,около 5 000 000 +
   -183.9069 * VISITORS_COUNT=около 200,более 1 000,около 100,около 100 000,более 10 000,более 2 000,более 2 000 000,,около 50 000,более 100 000,около 30 000,около 2 000,более 200 000,около 1 000 000,более 1 000 000,около 3 000,более 3 000 000,более 300 000,около 500 000,около 5 000 000 +
    140.9014 * VISITORS_COUNT=более 1 000,около 100,около 100 000,более 10 000,более 2 000,более 2 000 000,,около 50 000,более 100 000,около 30 000,около 2 000,более 200 000,около 1 000 000,более 1 000 000,около 3 000,более 3 000 000,более 300 000,около 500 000,около 5 000 000 +
   -187.7263 * VISITORS_COUNT=около 100,около 100 000,более 10 000,более 2 000,более 2 000 000,,около 50 000,более 100 000,около 30 000,около 2 000,более 200 000,около 1 000 000,более 1 000 000,около 3 000,более 3 000 000,более 300 000,около 500 000,около 5 000 000 +
    446.2029 * VISITORS_COUNT=около 100 000,более 10 000,более 2 000,более 2 000 000,,около 50 000,более 100 000,около 30 000,около 2 000,более 200 000,около 1 000 000,более 1 000 000,около 3 000,более 3 000 000,более 300 000,около 500 000,около 5 000 000 +
    -58.334  * VISITORS_COUNT=более 10 000,более 2 000,более 2 000 000,,около 50 000,более 100 000,около 30 000,около 2 000,более 200 000,около 1 000 000,более 1 000 000,около 3 000,более 3 000 000,более 300 000,около 500 000,около 5 000 000 +
   -153.2806 * VISITORS_COUNT=более 2 000,более 2 000 000,,около 50 000,более 100 000,около 30 000,около 2 000,более 200 000,около 1 000 000,более 1 000 000,около 3 000,более 3 000 000,более 300 000,около 500 000,около 5 000 000 +
    445.3471 * VISITORS_COUNT=более 2 000 000,,около 50 000,более 100 000,около 30 000,около 2 000,более 200 000,около 1 000 000,более 1 000 000,около 3 000,более 3 000 000,более 300 000,около 500 000,около 5 000 000 +
