
Linear Regression Model

PRICE =

      1.2736 * WEALTH_INDEX +
     -9.405  * EDUCATION_INDEX +
      0.2654 * AVERAGE_SALARY +
   -119.5379 * MARKET_INDEX=E,,D,C,B,A,AA +
     41.0079 * MARKET_INDEX=,D,C,B,A,AA +
     41.0949 * MARKET_INDEX=D,C,B,A,AA +
    208.2079 * MARKET_INDEX=C,B,A,AA +
     93.8662 * MARKET_INDEX=A,AA +
    233.3583 * MARKET_INDEX=AA +
      0      * MARKET_VOLUME +
      4.0326 * LOCAL_PERCENT +
      0.3104 * LOCAL_PRICE +
    -15.3641 * LOCAL_QUALITY +
   -127.6131 * SHOP_SIZE=500,10000,1000,3,2,5,4,1,100000 +
   -112.8487 * SHOP_SIZE=10000,1000,3,2,5,4,1,100000 +
    103.1573 * SHOP_SIZE=1000,3,2,5,4,1,100000 +
    -19.3356 * SHOP_SIZE=3,2,5,4,1,100000 +
    -19.494  * SHOP_SIZE=2,5,4,1,100000 +
    -19.7138 * SHOP_SIZE=5,4,1,100000 +
    -19.6604 * SHOP_SIZE=4,1,100000 +
    -19.6851 * SHOP_SIZE=1,100000 +
    -19.7644 * SHOP_SIZE=100000 +
     30.2865 * TOWN_DISTRICT=Окраина,Спальный район,,Центр города,Фешенебельный район +
    -13.9627 * TOWN_DISTRICT=Спальный район,,Центр города,Фешенебельный район +
      9.7776 * TOWN_DISTRICT=,Центр города,Фешенебельный район +
      9.8216 * TOWN_DISTRICT=Центр города,Фешенебельный район +
     63.1814 * TOWN_DISTRICT=Фешенебельный район +
     61.8135 * DEPARTMENT_COUNT=4,8,7,5,3,2,9,1,10 +
   -129.3393 * DEPARTMENT_COUNT=8,7,5,3,2,9,1,10 +
     48.5159 * DEPARTMENT_COUNT=7,5,3,2,9,1,10 +
     73.6277 * DEPARTMENT_COUNT=5,3,2,9,1,10 +
     -3.843  * DEPARTMENT_COUNT=3,2,9,1,10 +
     24.391  * DEPARTMENT_COUNT=2,9,1,10 +
     52.7071 * DEPARTMENT_COUNT=9,1,10 +
    -64.626  * DEPARTMENT_COUNT=1,10 +
    242.683  * DEPARTMENT_COUNT=10 +
     15.5266 * BRAND +
     11.1013 * QUALITY +
   -224.781  * VISITORS_COUNT=менее 50,около 100,более 100,около 50,около 200,более 300,около 500,более 200,около 300,более 3 000,более 2 000,около 5 000,около 10 000,более 1 000,более 20 000,более 10 000,около 1 000,,более 30 000,более 100 000,более 200 000,около 100 000,около 50 000,около 1 000 000,более 1 000 000,более 300 000,около 500 000,около 3 000,более 2 000 000,более 3 000 000,около 5 000 000 +
    126.39   * VISITORS_COUNT=около 100,более 100,около 50,около 200,более 300,около 500,более 200,около 300,более 3 000,более 2 000,около 5 000,около 10 000,более 1 000,более 20 000,более 10 000,около 1 000,,более 30 000,более 100 000,более 200 000,около 100 000,около 50 000,около 1 000 000,более 1 000 000,более 300 000,около 500 000,около 3 000,более 2 000 000,более 3 000 000,около 5 000 000 +
     85.7493 * VISITORS_COUNT=более 100,около 50,около 200,более 300,около 500,более 200,около 300,более 3 000,более 2 000,около 5 000,около 10 000,более 1 000,более 20 000,более 10 000,около 1 000,,более 30 000,более 100 000,более 200 000,около 100 000,около 50 000,около 1 000 000,более 1 000 000,более 300 000,около 500 000,около 3 000,более 2 000 000,более 3 000 000,около 5 000 000 +
    -73.7772 * VISITORS_COUNT=около 50,около 200,более 300,около 500,более 200,около 300,более 3 000,более 2 000,около 5 000,около 10 000,более 1 000,более 20 000,более 10 000,около 1 000,,более 30 000,более 100 000,более 200 000,около 100 000,около 50 000,около 1 000 000,более 1 000 000,более 300 000,около 500 000,около 3 000,более 2 000 000,более 3 000 000,около 5 000 000 +
     82.8435 * VISITORS_COUNT=около 200,более 300,около 500,более 200,около 300,более 3 000,более 2 000,около 5 000,около 10 000,более 1 000,более 20 000,более 10 000,около 1 000,,более 30 000,более 100 000,более 200 000,около 100 000,около 50 000,около 1 000 000,более 1 000 000,более 300 000,около 500 000,около 3 000,более 2 000 000,более 3 000 000,около 5 000 000 +
    -35.9421 * VISITORS_COUNT=более 300,около 500,более 200,около 300,более 3 000,более 2 000,около 5 000,около 10 000,более 1 000,более 20 000,более 10 000,около 1 000,,более 30 000,более 100 000,более 200 000,около 100 000,около 50 000,около 1 000 000,более 1 000 000,более 300 000,около 500 000,около 3 000,более 2 000 000,более 3 000 000,около 5 000 000 +
     53.9828 * VISITORS_COUNT=около 500,более 200,около 300,более 3 000,более 2 000,около 5 000,около 10 000,более 1 000,более 20 000,более 10 000,около 1 000,,более 30 000,более 100 000,более 200 000,около 100 000,около 50 000,около 1 000 000,более 1 000 000,более 300 000,около 500 000,около 3 000,более 2 000 000,более 3 000 000,около 5 000 000 +
     -7.0658 * VISITORS_COUNT=более 200,около 300,более 3 000,более 2 000,около 5 000,около 10 000,более 1 000,более 20 000,более 10 000,около 1 000,,более 30 000,более 100 000,более 200 000,около 100 000,около 50 000,около 1 000 000,более 1 000 000,более 300 000,около 500 000,около 3 000,более 2 000 000,более 3 000 000,около 5 000 000 +
      7.7497 * VISITORS_COUNT=около 300,более 3 000,более 2 000,около 5 000,около 10 000,более 1 000,более 20 000,более 10 000,около 1 000,,более 30 000,более 100 000,более 200 000,около 100 000,около 50 000,около 1 000 000,более 1 000 000,более 300 000,около 500 000,около 3 000,более 2 000 000,более 3 000 000,около 5 000 000 +
    100.2861 * VISITORS_COUNT=более 3 000,более 2 000,около 5 000,около 10 000,более 1 000,более 20 000,более 10 000,около 1 000,,более 30 000,более 100 000,более 200 000,около 100 000,около 50 000,около 1 000 000,более 1 000 000,более 300 000,около 500 000,около 3 000,более 2 000 000,более 3 000 000,около 5 000 000 +
    -16.7253 * VISITORS_COUNT=более 2 000,около 5 000,около 10 000,более 1 000,более 20 000,более 10 000,около 1 000,,более 30 000,более 100 000,более 200 000,около 100 000,около 50 000,около 1 000 000,более 1 000 000,более 300 000,около 500 000,около 3 000,более 2 000 000,более 3 000 000,около 5 000 000 +
     35.9496 * VISITORS_COUNT=около 5 000,около 10 000,более 1 000,более 20 000,более 10 000,около 1 000,,более 30 000,более 100 000,более 200 000,около 100 000,около 50 000,около 1 000 000,более 1 000 000,более 300 000,около 500 000,около 3 000,более 2 000 000,более 3 000 000,около 5 000 000 +
     22.7747 * VISITORS_COUNT=около 10 000,более 1 000,более 20 000,более 10 000,около 1 000,,более 30 000,более 100 000,более 200 000,около 100 000,около 50 000,около 1 000 000,более 1 000 000,более 300 000,около 500 000,около 3 000,более 2 000 000,более 3 000 000,около 5 000 000 +
    -69.6217 * VISITORS_COUNT=более 1 000,более 20 000,более 10 000,около 1 000,,более 30 000,более 100 000,более 200 000,около 100 000,около 50 000,около 1 000 000,более 1 000 000,более 300 000,около 500 000,около 3 000,более 2 000 000,более 3 000 000,около 5 000 000 +
    139.7287 * VISITORS_COUNT=более 20 000,более 10 000,около 1 000,,более 30 000,более 100 000,более 200 000,около 100 000,около 50 000,около 1 000 000,более 1 000 000,более 300 000,около 500 000,около 3 000,более 2 000 000,более 3 000 000,около 5 000 000 +
    -18.0037 * VISITORS_COUNT=более 10 000,около 1 000,,более 30 000,более 100 000,более 200 000,около 100 000,около 50 000,около 1 000 000,более 1 000 000,более 300 000,около 500 000,около 3 000,более 2 000 000,более 3 000 000,около 5 000 000 +
    -77.9631 * VISITORS_COUNT=около 1 000,,более 30 000,более 100 000,более 200 000,около 100 000,около 50 000,около 1 000 000,более 1 000 000,более 300 000,около 500 000,около 3 000,более 2 000 000,более 3 000 000,около 5 000 000 +
     58.5842 * VISITORS_COUNT=,более 30 000,более 100 000,более 200 000,около 100 000,около 50 000,около 1 000 000,более 1 000 000,более 300 000,около 500 000,около 3 000,более 2 000 000,более 3 000 000,около 5 000 000 +
     58.5324 * VISITORS_COUNT=более 30 000,более 100 000,более 200 000,около 100 000,около 50 000,около 1 000 000,более 1 000 000,более 300 000,около 500 000,около 3 000,более 2 000 000,более 3 000 000,около 5 000 000 +
     17.5805 * VISITORS_COUNT=более 100 000,более 200 000,около 100 000,около 50 000,около 1 000 000,более 1 000 000,более 300 000,около 500 000,около 3 000,более 2 000 000,более 3 000 000,около 5 000 000 +
