
Linear Regression Model

PRICE =

      9.5102 * WEALTH_INDEX +
    -59.6378 * EDUCATION_INDEX +
      0.8474 * AVERAGE_SALARY +
     53.5877 * MARKET_INDEX=,D,C,B,A,AA,AAA +
     53.9029 * MARKET_INDEX=D,C,B,A,AA,AAA +
    -66.5607 * MARKET_INDEX=C,B,A,AA,AAA +
    -79.6416 * MARKET_INDEX=B,A,AA,AAA +
   -173.9735 * MARKET_INDEX=A,AA,AAA +
    169.1266 * MARKET_INDEX=AAA +
     -0.0006 * MARKET_VOLUME +
      6.6868 * LOCAL_PERCENT +
      0.6589 * LOCAL_PRICE +
    -63.1906 * LOCAL_QUALITY +
   -441.9564 * SHOP_SIZE=500,10000,1000,3,2,5,4,1,100000 +
   -171.3004 * SHOP_SIZE=10000,1000,3,2,5,4,1,100000 +
    159.5578 * SHOP_SIZE=1000,3,2,5,4,1,100000 +
    -51.6967 * SHOP_SIZE=3,2,5,4,1,100000 +
    -50.7697 * SHOP_SIZE=2,5,4,1,100000 +
    -51.3813 * SHOP_SIZE=5,4,1,100000 +
    -51.8669 * SHOP_SIZE=4,1,100000 +
    -51.9406 * SHOP_SIZE=1,100000 +
    -52.4486 * SHOP_SIZE=100000 +
    -90.2071 * TOWN_DISTRICT=Окраина,Центр города,,Фешенебельный район +
    144.0422 * TOWN_DISTRICT=Центр города,,Фешенебельный район +
    130.6909 * TOWN_DISTRICT=,Фешенебельный район +
    130.2176 * TOWN_DISTRICT=Фешенебельный район +
    -79.9741 * DEPARTMENT_COUNT=8,5,4,9,10,3,2,1 +
     94.5302 * DEPARTMENT_COUNT=5,4,9,10,3,2,1 +
    114.1869 * DEPARTMENT_COUNT=9,10,3,2,1 +
     23.8207 * DEPARTMENT_COUNT=10,3,2,1 +
     36.5455 * DEPARTMENT_COUNT=3,2,1 +
    -32.4211 * DEPARTMENT_COUNT=2,1 +
     91.1672 * BRAND +
     60.5327 * QUALITY +
      0.3836 * NOTORIETY +
   -173.0999 * VISITORS_COUNT=около 50,более 100,менее 50,более 3 000,более 2 000,более 200,более 300,около 5 000,около 10 000,около 500,около 300,около 20 000,более 1 000,более 30 000,более 10 000,около 50 000,около 1 000,более 20 000,,около 200,около 100 000,более 100 000,более 1 000 000,около 1 000 000,более 200 000,около 500 000,около 3 000,более 2 000 000,более 300 000,более 3 000 000,около 5 000 000 +
    378.0612 * VISITORS_COUNT=более 100,менее 50,более 3 000,более 2 000,более 200,более 300,около 5 000,около 10 000,около 500,около 300,около 20 000,более 1 000,более 30 000,более 10 000,около 50 000,около 1 000,более 20 000,,около 200,около 100 000,более 100 000,более 1 000 000,около 1 000 000,более 200 000,около 500 000,около 3 000,более 2 000 000,более 300 000,более 3 000 000,около 5 000 000 +
   -592.5213 * VISITORS_COUNT=менее 50,более 3 000,более 2 000,более 200,более 300,около 5 000,около 10 000,около 500,около 300,около 20 000,более 1 000,более 30 000,более 10 000,около 50 000,около 1 000,более 20 000,,около 200,около 100 000,более 100 000,более 1 000 000,около 1 000 000,более 200 000,около 500 000,около 3 000,более 2 000 000,более 300 000,более 3 000 000,около 5 000 000 +
    689.6372 * VISITORS_COUNT=более 3 000,более 2 000,более 200,более 300,около 5 000,около 10 000,около 500,около 300,около 20 000,более 1 000,более 30 000,более 10 000,около 50 000,около 1 000,более 20 000,,около 200,около 100 000,более 100 000,более 1 000 000,около 1 000 000,более 200 000,около 500 000,около 3 000,более 2 000 000,более 300 000,более 3 000 000,около 5 000 000 +
     40.2123 * VISITORS_COUNT=более 2 000,более 200,более 300,около 5 000,около 10 000,около 500,около 300,около 20 000,более 1 000,более 30 000,более 10 000,около 50 000,около 1 000,более 20 000,,около 200,около 100 000,более 100 000,более 1 000 000,около 1 000 000,более 200 000,около 500 000,около 3 000,более 2 000 000,более 300 000,более 3 000 000,около 5 000 000 +
    -87.8388 * VISITORS_COUNT=более 200,более 300,около 5 000,около 10 000,около 500,около 300,около 20 000,более 1 000,более 30 000,более 10 000,около 50 000,около 1 000,более 20 000,,около 200,около 100 000,более 100 000,более 1 000 000,около 1 000 000,более 200 000,около 500 000,около 3 000,более 2 000 000,более 300 000,более 3 000 000,около 5 000 000 +
   -134.7255 * VISITORS_COUNT=более 300,около 5 000,около 10 000,около 500,около 300,около 20 000,более 1 000,более 30 000,более 10 000,около 50 000,около 1 000,более 20 000,,около 200,около 100 000,более 100 000,более 1 000 000,около 1 000 000,более 200 000,около 500 000,около 3 000,более 2 000 000,более 300 000,более 3 000 000,около 5 000 000 +
    249.7651 * VISITORS_COUNT=около 5 000,около 10 000,около 500,около 300,около 20 000,более 1 000,более 30 000,более 10 000,около 50 000,около 1 000,более 20 000,,около 200,около 100 000,более 100 000,более 1 000 000,около 1 000 000,более 200 000,около 500 000,около 3 000,более 2 000 000,более 300 000,более 3 000 000,около 5 000 000 +
    179.6897 * VISITORS_COUNT=около 10 000,около 500,около 300,около 20 000,более 1 000,более 30 000,более 10 000,около 50 000,около 1 000,более 20 000,,около 200,около 100 000,более 100 000,более 1 000 000,около 1 000 000,более 200 000,около 500 000,около 3 000,более 2 000 000,более 300 000,более 3 000 000,около 5 000 000 +
   -390.3627 * VISITORS_COUNT=около 500,около 300,около 20 000,более 1 000,более 30 000,более 10 000,около 50 000,около 1 000,более 20 000,,около 200,около 100 000,более 100 000,более 1 000 000,около 1 000 000,более 200 000,около 500 000,около 3 000,более 2 000 000,более 300 000,более 3 000 000,около 5 000 000 +
   -341.198  * VISITORS_COUNT=около 300,около 20 000,более 1 000,более 30 000,более 10 000,около 50 000,около 1 000,более 20 000,,около 200,около 100 000,более 100 000,более 1 000 000,около 1 000 000,более 200 000,около 500 000,около 3 000,более 2 000 000,более 300 000,более 3 000 000,около 5 000 000 +
    371.564  * VISITORS_COUNT=около 20 000,более 1 000,более 30 000,более 10 000,около 50 000,около 1 000,более 20 000,,около 200,около 100 000,более 100 000,более 1 000 000,около 1 000 000,более 200 000,около 500 000,около 3 000,более 2 000 000,более 300 000,более 3 000 000,около 5 000 000 +
    222.1838 * VISITORS_COUNT=более 1 000,более 30 000,более 10 000,около 50 000,около 1 000,более 20 000,,около 200,около 100 000,более 100 000,более 1 000 000,около 1 000 000,более 200 000,около 500 000,около 3 000,более 2 000 000,более 300 000,более 3 000 000,около 5 000 000 +
    230.0337 * VISITORS_COUNT=более 30 000,более 10 000,около 50 000,около 1 000,более 20 000,,около 200,около 100 000,более 100 000,более 1 000 000,около 1 000 000,более 200 000,около 500 000,около 3 000,более 2 000 000,более 300 000,более 3 000 000,около 5 000 000 +
     67.1148 * VISITORS_COUNT=более 10 000,около 50 000,около 1 000,более 20 000,,около 200,около 100 000,более 100 000,более 1 000 000,около 1 000 000,более 200 000,около 500 000,около 3 000,более 2 000 000,более 300 000,более 3 000 000,около 5 000 000 +
     41.3893 * VISITORS_COUNT=около 50 000,около 1 000,более 20 000,,около 200,около 100 000,более 100 000,более 1 000 000,около 1 000 000,более 200 000,около 500 000,около 3 000,более 2 000 000,более 300 000,более 3 000 000,около 5 000 000 +
   -419.1783 * VISITORS_COUNT=около 1 000,более 20 000,,около 200,около 100 000,более 100 000,более 1 000 000,около 1 000 000,более 200 000,около 500 000,около 3 000,более 2 000 000,более 300 000,более 3 000 000,около 5 000 000 +
    392.0934 * VISITORS_COUNT=более 20 000,,около 200,около 100 000,более 100 000,более 1 000 000,около 1 000 000,более 200 000,около 500 000,около 3 000,более 2 000 000,более 300 000,более 3 000 000,около 5 000 000 +
    -52.6469 * VISITORS_COUNT=,около 200,около 100 000,более 100 000,более 1 000 000,около 1 000 000,более 200 000,около 500 000,около 3 000,более 2 000 000,более 300 000,более 3 000 000,около 5 000 000 +
    -53.3645 * VISITORS_COUNT=около 200,около 100 000,более 100 000,более 1 000 000,около 1 000 000,более 200 000,около 500 000,около 3 000,более 2 000 000,более 300 000,более 3 000 000,около 5 000 000 +
    225.9108 * VISITORS_COUNT=около 100 000,более 100 000,более 1 000 000,около 1 000 000,более 200 000,около 500 000,около 3 000,более 2 000 000,более 300 000,более 3 000 000,около 5 000 000 +
