
Linear Regression Model

PRICE =

      0.0826 * WEALTH_INDEX +
      0.4214 * EDUCATION_INDEX +
      0.0136 * AVERAGE_SALARY +
     -2.0328 * MARKET_INDEX=,E,C,B,A,AA +
     -2.0683 * MARKET_INDEX=E,C,B,A,AA +
      7.3423 * MARKET_INDEX=C,B,A,AA +
     -1.4903 * MARKET_INDEX=B,A,AA +
     -4.343  * MARKET_INDEX=A,AA +
     11.814  * MARKET_INDEX=AA +
      0      * MARKET_VOLUME +
      0.1837 * LOCAL_PERCENT +
      0.3419 * LOCAL_PRICE +
     -0.4412 * LOCAL_QUALITY +
    -15.1255 * SHOP_SIZE=500,1000,3,2,5,4,1,10000,100000 +
    -10.0188 * SHOP_SIZE=1000,3,2,5,4,1,10000,100000 +
     -1.7293 * SHOP_SIZE=3,2,5,4,1,10000,100000 +
     -1.8273 * SHOP_SIZE=2,5,4,1,10000,100000 +
     -1.94   * SHOP_SIZE=5,4,1,10000,100000 +
     -2.0113 * SHOP_SIZE=4,1,10000,100000 +
     -2.0647 * SHOP_SIZE=1,10000,100000 +
     -2.1362 * SHOP_SIZE=10000,100000 +
    -17.8542 * SHOP_SIZE=100000 +
      4.6602 * TOWN_DISTRICT=Пригород,Спальный район,,Фешенебельный район,Центр города +
     -5.1924 * TOWN_DISTRICT=Спальный район,,Фешенебельный район,Центр города +
      8.107  * TOWN_DISTRICT=,Фешенебельный район,Центр города +
      8.0994 * TOWN_DISTRICT=Фешенебельный район,Центр города +
    -15.0382 * TOWN_DISTRICT=Центр города +
      1.5315 * DEPARTMENT_COUNT=4,5,2,10,1,6,7,9,8 +
     -3.0796 * DEPARTMENT_COUNT=5,2,10,1,6,7,9,8 +
      4.2067 * DEPARTMENT_COUNT=2,10,1,6,7,9,8 +
      6.2541 * DEPARTMENT_COUNT=10,1,6,7,9,8 +
     -5.0747 * DEPARTMENT_COUNT=1,6,7,9,8 +
     -2.6366 * DEPARTMENT_COUNT=7,9,8 +
     11.5232 * DEPARTMENT_COUNT=9,8 +
     -9.7139 * DEPARTMENT_COUNT=8 +
      1.1608 * BRAND +
      0.4651 * QUALITY +
     -0.0665 * NOTORIETY +
    -81.8899 * VISITORS_COUNT=менее 50,около 2 000,около 50,более 100,около 3 000,более 200,около 500,более 300,около 100,более 10 000,около 1 000,около 10 000,более 2 000,более 3 000,более 1 000,более 20 000,более 30 000,около 200,около 300,около 100 000,,около 50 000,более 200 000,более 100 000,около 1 000 000,около 5 000,более 1 000 000,более 2 000 000,более 300 000,около 500 000,более 3 000 000,около 5 000 000 +
     51.7854 * VISITORS_COUNT=около 2 000,около 50,более 100,около 3 000,более 200,около 500,более 300,около 100,более 10 000,около 1 000,около 10 000,более 2 000,более 3 000,более 1 000,более 20 000,более 30 000,около 200,около 300,около 100 000,,около 50 000,более 200 000,более 100 000,около 1 000 000,около 5 000,более 1 000 000,более 2 000 000,более 300 000,около 500 000,более 3 000 000,около 5 000 000 +
    -34.9768 * VISITORS_COUNT=около 50,более 100,около 3 000,более 200,около 500,более 300,около 100,более 10 000,около 1 000,около 10 000,более 2 000,более 3 000,более 1 000,более 20 000,более 30 000,около 200,около 300,около 100 000,,около 50 000,более 200 000,более 100 000,около 1 000 000,около 5 000,более 1 000 000,более 2 000 000,более 300 000,около 500 000,более 3 000 000,около 5 000 000 +
      9.1327 * VISITORS_COUNT=более 100,около 3 000,более 200,около 500,более 300,около 100,более 10 000,около 1 000,около 10 000,более 2 000,более 3 000,более 1 000,более 20 000,более 30 000,около 200,около 300,около 100 000,,около 50 000,более 200 000,более 100 000,около 1 000 000,около 5 000,более 1 000 000,более 2 000 000,более 300 000,около 500 000,более 3 000 000,около 5 000 000 +
     24.797  * VISITORS_COUNT=около 3 000,более 200,около 500,более 300,около 100,более 10 000,около 1 000,около 10 000,более 2 000,более 3 000,более 1 000,более 20 000,более 30 000,около 200,около 300,около 100 000,,около 50 000,более 200 000,более 100 000,около 1 000 000,около 5 000,более 1 000 000,более 2 000 000,более 300 000,около 500 000,более 3 000 000,около 5 000 000 +
    -18.1363 * VISITORS_COUNT=более 200,около 500,более 300,около 100,более 10 000,около 1 000,около 10 000,более 2 000,более 3 000,более 1 000,более 20 000,более 30 000,около 200,около 300,около 100 000,,около 50 000,более 200 000,более 100 000,около 1 000 000,около 5 000,более 1 000 000,более 2 000 000,более 300 000,около 500 000,более 3 000 000,около 5 000 000 +
      7.4332 * VISITORS_COUNT=около 500,более 300,около 100,более 10 000,около 1 000,около 10 000,более 2 000,более 3 000,более 1 000,более 20 000,более 30 000,около 200,около 300,около 100 000,,около 50 000,более 200 000,более 100 000,около 1 000 000,около 5 000,более 1 000 000,более 2 000 000,более 300 000,около 500 000,более 3 000 000,около 5 000 000 +
     -4.5881 * VISITORS_COUNT=более 300,около 100,более 10 000,около 1 000,около 10 000,более 2 000,более 3 000,более 1 000,более 20 000,более 30 000,около 200,около 300,около 100 000,,около 50 000,более 200 000,более 100 000,около 1 000 000,около 5 000,более 1 000 000,более 2 000 000,более 300 000,около 500 000,более 3 000 000,около 5 000 000 +
    -11.5871 * VISITORS_COUNT=около 100,более 10 000,около 1 000,около 10 000,более 2 000,более 3 000,более 1 000,более 20 000,более 30 000,около 200,около 300,около 100 000,,около 50 000,более 200 000,более 100 000,около 1 000 000,около 5 000,более 1 000 000,более 2 000 000,более 300 000,около 500 000,более 3 000 000,около 5 000 000 +
     50.0997 * VISITORS_COUNT=более 10 000,около 1 000,около 10 000,более 2 000,более 3 000,более 1 000,более 20 000,более 30 000,около 200,около 300,около 100 000,,около 50 000,более 200 000,более 100 000,около 1 000 000,около 5 000,более 1 000 000,более 2 000 000,более 300 000,около 500 000,более 3 000 000,около 5 000 000 +
    -26.4125 * VISITORS_COUNT=около 1 000,около 10 000,более 2 000,более 3 000,более 1 000,более 20 000,более 30 000,около 200,около 300,около 100 000,,около 50 000,более 200 000,более 100 000,около 1 000 000,около 5 000,более 1 000 000,более 2 000 000,более 300 000,около 500 000,более 3 000 000,около 5 000 000 +
     21.2932 * VISITORS_COUNT=около 10 000,более 2 000,более 3 000,более 1 000,более 20 000,более 30 000,около 200,около 300,около 100 000,,около 50 000,более 200 000,более 100 000,около 1 000 000,около 5 000,более 1 000 000,более 2 000 000,более 300 000,около 500 000,более 3 000 000,около 5 000 000 +
    -13.286  * VISITORS_COUNT=более 2 000,более 3 000,более 1 000,более 20 000,более 30 000,около 200,около 300,около 100 000,,около 50 000,более 200 000,более 100 000,около 1 000 000,около 5 000,более 1 000 000,более 2 000 000,более 300 000,около 500 000,более 3 000 000,около 5 000 000 +
      2.8268 * VISITORS_COUNT=более 3 000,более 1 000,более 20 000,более 30 000,около 200,около 300,около 100 000,,около 50 000,более 200 000,более 100 000,около 1 000 000,около 5 000,более 1 000 000,более 2 000 000,более 300 000,около 500 000,более 3 000 000,около 5 000 000 +
     -6.5854 * VISITORS_COUNT=более 1 000,более 20 000,более 30 000,около 200,около 300,около 100 000,,около 50 000,более 200 000,более 100 000,около 1 000 000,около 5 000,более 1 000 000,более 2 000 000,более 300 000,около 500 000,более 3 000 000,около 5 000 000 +
     26.0898 * VISITORS_COUNT=более 20 000,более 30 000,около 200,около 300,около 100 000,,около 50 000,более 200 000,более 100 000,около 1 000 000,около 5 000,более 1 000 000,более 2 000 000,более 300 000,около 500 000,более 3 000 000,около 5 000 000 +
      2.0407 * VISITORS_COUNT=более 30 000,около 200,около 300,около 100 000,,около 50 000,более 200 000,более 100 000,около 1 000 000,около 5 000,более 1 000 000,более 2 000 000,более 300 000,около 500 000,более 3 000 000,около 5 000 000 +
    -56.5708 * VISITORS_COUNT=около 200,около 300,около 100 000,,около 50 000,более 200 000,более 100 000,около 1 000 000,около 5 000,более 1 000 000,более 2 000 000,более 300 000,около 500 000,более 3 000 000,около 5 000 000 +
     17.6379 * VISITORS_COUNT=около 300,около 100 000,,около 50 000,более 200 000,более 100 000,около 1 000 000,около 5 000,более 1 000 000,более 2 000 000,более 300 000,около 500 000,более 3 000 000,около 5 000 000 +
