
Linear Regression Model

PRICE =

      6.5783 * WEALTH_INDEX +
     -4.2986 * EDUCATION_INDEX +
      0.4114 * AVERAGE_SALARY +
     89.3801 * MARKET_INDEX=,D,C,B,A,AAA,AA +
     89.5892 * MARKET_INDEX=D,C,B,A,AAA,AA +
    386.3966 * MARKET_INDEX=C,B,A,AAA,AA +
    343.7056 * MARKET_INDEX=B,A,AAA,AA +
    102.91   * MARKET_INDEX=A,AAA,AA +
   -468.2068 * MARKET_INDEX=AAA,AA +
    548.2372 * MARKET_INDEX=AA +
     12.8205 * LOCAL_PERCENT +
      0.8639 * LOCAL_PRICE +
    -46.3185 * LOCAL_QUALITY +
    261.4403 * SHOP_SIZE=10000,500,1000,3,2,5,4,1,100000 +
   -236.4701 * SHOP_SIZE=500,1000,3,2,5,4,1,100000 +
    216.8546 * SHOP_SIZE=1000,3,2,5,4,1,100000 +
     45.3072 * SHOP_SIZE=3,2,5,4,1,100000 +
     45.188  * SHOP_SIZE=2,5,4,1,100000 +
     45.2698 * SHOP_SIZE=5,4,1,100000 +
     45.5732 * SHOP_SIZE=4,1,100000 +
     45.3475 * SHOP_SIZE=1,100000 +
     45.1166 * SHOP_SIZE=100000 +
    487.7349 * TOWN_DISTRICT=Окраина,Спальный район,,Фешенебельный район,Центр города +
    155.0828 * TOWN_DISTRICT=Спальный район,,Фешенебельный район,Центр города +
    -38.9911 * TOWN_DISTRICT=,Фешенебельный район,Центр города +
    -39.1858 * TOWN_DISTRICT=Фешенебельный район,Центр города +
    313.7039 * TOWN_DISTRICT=Центр города +
    214.5835 * DEPARTMENT_COUNT=6,7,3,2,8,9,4,1,10 +
   -212.998  * DEPARTMENT_COUNT=7,3,2,8,9,4,1,10 +
    474.2931 * DEPARTMENT_COUNT=3,2,8,9,4,1,10 +
    -32.6236 * DEPARTMENT_COUNT=2,8,9,4,1,10 +
   -379.6074 * DEPARTMENT_COUNT=8,9,4,1,10 +
    146.2005 * DEPARTMENT_COUNT=9,4,1,10 +
    510.2468 * DEPARTMENT_COUNT=4,1,10 +
   -111.8595 * DEPARTMENT_COUNT=1,10 +
    924.9738 * DEPARTMENT_COUNT=10 +
     -4.0419 * BRAND +
     41.9725 * QUALITY +
      0.9674 * NOTORIETY +
    181.8444 * VISITORS_COUNT=около 100,менее 50,около 3 000,более 200,около 500,около 200,более 3 000,более 20 000,более 300,около 2 000,более 100,около 5 000,более 30 000,более 2 000,около 300,около 10 000,более 10 000,более 1 000,около 1 000,около 50 000,,около 100 000,более 100 000,более 1 000 000,более 200 000,около 1 000 000,более 2 000 000,около 500 000,более 300 000,более 3 000 000,около 5 000 000 +
   -218.6798 * VISITORS_COUNT=менее 50,около 3 000,более 200,около 500,около 200,более 3 000,более 20 000,более 300,около 2 000,более 100,около 5 000,более 30 000,более 2 000,около 300,около 10 000,более 10 000,более 1 000,около 1 000,около 50 000,,около 100 000,более 100 000,более 1 000 000,более 200 000,около 1 000 000,более 2 000 000,около 500 000,более 300 000,более 3 000 000,около 5 000 000 +
   -466.915  * VISITORS_COUNT=около 3 000,более 200,около 500,около 200,более 3 000,более 20 000,более 300,около 2 000,более 100,около 5 000,более 30 000,более 2 000,около 300,около 10 000,более 10 000,более 1 000,около 1 000,около 50 000,,около 100 000,более 100 000,более 1 000 000,более 200 000,около 1 000 000,более 2 000 000,около 500 000,более 300 000,более 3 000 000,около 5 000 000 +
    187.8505 * VISITORS_COUNT=более 200,около 500,около 200,более 3 000,более 20 000,более 300,около 2 000,более 100,около 5 000,более 30 000,более 2 000,около 300,около 10 000,более 10 000,более 1 000,около 1 000,около 50 000,,около 100 000,более 100 000,более 1 000 000,более 200 000,около 1 000 000,более 2 000 000,около 500 000,более 300 000,более 3 000 000,около 5 000 000 +
   -132.7064 * VISITORS_COUNT=около 500,около 200,более 3 000,более 20 000,более 300,около 2 000,более 100,около 5 000,более 30 000,более 2 000,около 300,около 10 000,более 10 000,более 1 000,около 1 000,около 50 000,,около 100 000,более 100 000,более 1 000 000,более 200 000,около 1 000 000,более 2 000 000,около 500 000,более 300 000,более 3 000 000,около 5 000 000 +
    174.6808 * VISITORS_COUNT=около 200,более 3 000,более 20 000,более 300,около 2 000,более 100,около 5 000,более 30 000,более 2 000,около 300,около 10 000,более 10 000,более 1 000,около 1 000,около 50 000,,около 100 000,более 100 000,более 1 000 000,более 200 000,около 1 000 000,более 2 000 000,около 500 000,более 300 000,более 3 000 000,около 5 000 000 +
   -195.094  * VISITORS_COUNT=более 3 000,более 20 000,более 300,около 2 000,более 100,около 5 000,более 30 000,более 2 000,около 300,около 10 000,более 10 000,более 1 000,около 1 000,около 50 000,,около 100 000,более 100 000,более 1 000 000,более 200 000,около 1 000 000,более 2 000 000,около 500 000,более 300 000,более 3 000 000,около 5 000 000 +
   -130.0973 * VISITORS_COUNT=более 20 000,более 300,около 2 000,более 100,около 5 000,более 30 000,более 2 000,около 300,около 10 000,более 10 000,более 1 000,около 1 000,около 50 000,,около 100 000,более 100 000,более 1 000 000,более 200 000,около 1 000 000,более 2 000 000,около 500 000,более 300 000,более 3 000 000,около 5 000 000 +
    292.233  * VISITORS_COUNT=более 300,около 2 000,более 100,около 5 000,более 30 000,более 2 000,около 300,около 10 000,более 10 000,более 1 000,около 1 000,около 50 000,,около 100 000,более 100 000,более 1 000 000,более 200 000,около 1 000 000,более 2 000 000,около 500 000,более 300 000,более 3 000 000,около 5 000 000 +
   -372.715  * VISITORS_COUNT=около 2 000,более 100,около 5 000,более 30 000,более 2 000,около 300,около 10 000,более 10 000,более 1 000,около 1 000,около 50 000,,около 100 000,более 100 000,более 1 000 000,более 200 000,около 1 000 000,более 2 000 000,около 500 000,более 300 000,более 3 000 000,около 5 000 000 +
    698.8109 * VISITORS_COUNT=более 100,около 5 000,более 30 000,более 2 000,около 300,около 10 000,более 10 000,более 1 000,около 1 000,около 50 000,,около 100 000,более 100 000,более 1 000 000,более 200 000,около 1 000 000,более 2 000 000,около 500 000,более 300 000,более 3 000 000,около 5 000 000 +
   -556.7023 * VISITORS_COUNT=около 5 000,более 30 000,более 2 000,около 300,около 10 000,более 10 000,более 1 000,около 1 000,около 50 000,,около 100 000,более 100 000,более 1 000 000,более 200 000,около 1 000 000,более 2 000 000,около 500 000,более 300 000,более 3 000 000,около 5 000 000 +
     73.5935 * VISITORS_COUNT=более 30 000,более 2 000,около 300,около 10 000,более 10 000,более 1 000,около 1 000,около 50 000,,около 100 000,более 100 000,более 1 000 000,более 200 000,около 1 000 000,более 2 000 000,около 500 000,более 300 000,более 3 000 000,около 5 000 000 +
     17.587  * VISITORS_COUNT=около 10 000,более 10 000,более 1 000,около 1 000,около 50 000,,около 100 000,более 100 000,более 1 000 000,более 200 000,около 1 000 000,более 2 000 000,около 500 000,более 300 000,более 3 000 000,около 5 000 000 +
    -85.5885 * VISITORS_COUNT=более 10 000,более 1 000,около 1 000,около 50 000,,около 100 000,более 100 000,более 1 000 000,более 200 000,около 1 000 000,более 2 000 000,около 500 000,более 300 000,более 3 000 000,около 5 000 000 +
    161.0531 * VISITORS_COUNT=более 1 000,около 1 000,около 50 000,,около 100 000,более 100 000,более 1 000 000,более 200 000,около 1 000 000,более 2 000 000,около 500 000,более 300 000,более 3 000 000,около 5 000 000 +
   -146.3079 * VISITORS_COUNT=около 50 000,,около 100 000,более 100 000,более 1 000 000,более 200 000,около 1 000 000,более 2 000 000,около 500 000,более 300 000,более 3 000 000,около 5 000 000 +
    -55.4675 * VISITORS_COUNT=,около 100 000,более 100 000,более 1 000 000,более 200 000,около 1 000 000,более 2 000 000,около 500 000,более 300 000,более 3 000 000,около 5 000 000 +
    -55.3436 * VISITORS_COUNT=около 100 000,более 100 000,более 1 000 000,более 200 000,около 1 000 000,более 2 000 000,около 500 000,более 300 000,более 3 000 000,около 5 000 000 +
    -65.825  * VISITORS_COUNT=более 100 000,более 1 000 000,более 200 000,около 1 000 000,более 2 000 000,около 500 000,более 300 000,более 3 000 000,около 5 000 000 +
    319.0286 * VISITORS_COUNT=более 1 000 000,более 200 000,около 1 000 000,более 2 000 000,около 500 000,более 300 000,более 3 000 000,около 5 000 000 +
     29.5805 * VISITORS_COUNT=более 200 000,около 1 000 000,более 2 000 000,около 500 000,более 300 000,более 3 000 000,около 5 000 000 +
