
Linear Regression Model

PRICE =

      0.2523 * WEALTH_INDEX +
     -7.6954 * EDUCATION_INDEX +
      0.0782 * AVERAGE_SALARY +
    -25.6216 * MARKET_INDEX=E,,C,B,A,AAA,AA +
     38.6944 * MARKET_INDEX=,C,B,A,AAA,AA +
     38.872  * MARKET_INDEX=C,B,A,AAA,AA +
     82.5902 * MARKET_INDEX=B,A,AAA,AA +
     28.6839 * MARKET_INDEX=A,AAA,AA +
    -61.7543 * MARKET_INDEX=AAA,AA +
    291.2399 * MARKET_INDEX=AA +
      0      * MARKET_VOLUME +
      1.5537 * LOCAL_PERCENT +
      1.1096 * LOCAL_PRICE +
     -4.1621 * LOCAL_QUALITY +
     12.6579 * SHOP_SIZE=500,10000,1000,3,2,5,4,1,100000 +
     33.3231 * SHOP_SIZE=10000,1000,3,2,5,4,1,100000 +
     -3.9801 * SHOP_SIZE=1000,3,2,5,4,1,100000 +
      1.9091 * SHOP_SIZE=3,2,5,4,1,100000 +
      1.9134 * SHOP_SIZE=2,5,4,1,100000 +
      1.8102 * SHOP_SIZE=5,4,1,100000 +
      1.8511 * SHOP_SIZE=4,1,100000 +
      1.9966 * SHOP_SIZE=1,100000 +
      1.6908 * SHOP_SIZE=100000 +
    -18.3305 * TOWN_DISTRICT=Окраина,Пригород,,Центр города,Фешенебельный район +
    -39.0016 * TOWN_DISTRICT=Пригород,,Центр города,Фешенебельный район +
     27.9592 * TOWN_DISTRICT=,Центр города,Фешенебельный район +
     27.9751 * TOWN_DISTRICT=Центр города,Фешенебельный район +
    -72.8655 * TOWN_DISTRICT=Фешенебельный район +
     -9.9611 * DEPARTMENT_COUNT=6,4,7,3,2,9,8,5,1 +
     12.1797 * DEPARTMENT_COUNT=4,7,3,2,9,8,5,1 +
    -21.1401 * DEPARTMENT_COUNT=7,3,2,9,8,5,1 +
      9.1516 * DEPARTMENT_COUNT=3,2,9,8,5,1 +
      3.5227 * DEPARTMENT_COUNT=2,9,8,5,1 +
     17.8971 * DEPARTMENT_COUNT=9,8,5,1 +
    -31.7868 * DEPARTMENT_COUNT=8,5,1 +
      4.5717 * DEPARTMENT_COUNT=5,1 +
     45.0353 * DEPARTMENT_COUNT=1 +
      2.1897 * BRAND +
     15.5168 * QUALITY +
      0.1795 * NOTORIETY +
   -204.1718 * VISITORS_COUNT=около 5 000 000,около 100,около 50,более 100,более 200,около 2 000,около 200,более 300,около 500,более 2 000,около 3 000,около 10 000,около 1 000,более 3 000,более 1 000,около 300,более 10 000,около 50 000,около 5 000,более 30 000,более 3 000 000,около 100 000,,более 20 000,более 100 000,более 2 000 000,более 200 000,около 1 000 000,более 1 000 000,около 500 000,более 300 000 +
    153.1228 * VISITORS_COUNT=около 100,около 50,более 100,более 200,около 2 000,около 200,более 300,около 500,более 2 000,около 3 000,около 10 000,около 1 000,более 3 000,более 1 000,около 300,более 10 000,около 50 000,около 5 000,более 30 000,более 3 000 000,около 100 000,,более 20 000,более 100 000,более 2 000 000,более 200 000,около 1 000 000,более 1 000 000,около 500 000,более 300 000 +
     23.7307 * VISITORS_COUNT=около 50,более 100,более 200,около 2 000,около 200,более 300,около 500,более 2 000,около 3 000,около 10 000,около 1 000,более 3 000,более 1 000,около 300,более 10 000,около 50 000,около 5 000,более 30 000,более 3 000 000,около 100 000,,более 20 000,более 100 000,более 2 000 000,более 200 000,около 1 000 000,более 1 000 000,около 500 000,более 300 000 +
    -26.4782 * VISITORS_COUNT=более 100,более 200,около 2 000,около 200,более 300,около 500,более 2 000,около 3 000,около 10 000,около 1 000,более 3 000,более 1 000,около 300,более 10 000,около 50 000,около 5 000,более 30 000,более 3 000 000,около 100 000,,более 20 000,более 100 000,более 2 000 000,более 200 000,около 1 000 000,более 1 000 000,около 500 000,более 300 000 +
    -31.2783 * VISITORS_COUNT=более 200,около 2 000,около 200,более 300,около 500,более 2 000,около 3 000,около 10 000,около 1 000,более 3 000,более 1 000,около 300,более 10 000,около 50 000,около 5 000,более 30 000,более 3 000 000,около 100 000,,более 20 000,более 100 000,более 2 000 000,более 200 000,около 1 000 000,более 1 000 000,около 500 000,более 300 000 +
    -78.1302 * VISITORS_COUNT=около 2 000,около 200,более 300,около 500,более 2 000,около 3 000,около 10 000,около 1 000,более 3 000,более 1 000,около 300,более 10 000,около 50 000,около 5 000,более 30 000,более 3 000 000,около 100 000,,более 20 000,более 100 000,более 2 000 000,более 200 000,около 1 000 000,более 1 000 000,около 500 000,более 300 000 +
    107.5809 * VISITORS_COUNT=около 200,более 300,около 500,более 2 000,около 3 000,около 10 000,около 1 000,более 3 000,более 1 000,около 300,более 10 000,около 50 000,около 5 000,более 30 000,более 3 000 000,около 100 000,,более 20 000,более 100 000,более 2 000 000,более 200 000,около 1 000 000,более 1 000 000,около 500 000,более 300 000 +
    -28.1162 * VISITORS_COUNT=более 300,около 500,более 2 000,около 3 000,около 10 000,около 1 000,более 3 000,более 1 000,около 300,более 10 000,около 50 000,около 5 000,более 30 000,более 3 000 000,около 100 000,,более 20 000,более 100 000,более 2 000 000,более 200 000,около 1 000 000,более 1 000 000,около 500 000,более 300 000 +
     -9.9739 * VISITORS_COUNT=около 500,более 2 000,около 3 000,около 10 000,около 1 000,более 3 000,более 1 000,около 300,более 10 000,около 50 000,около 5 000,более 30 000,более 3 000 000,около 100 000,,более 20 000,более 100 000,более 2 000 000,более 200 000,около 1 000 000,более 1 000 000,около 500 000,более 300 000 +
    -21.9665 * VISITORS_COUNT=более 2 000,около 3 000,около 10 000,около 1 000,более 3 000,более 1 000,около 300,более 10 000,около 50 000,около 5 000,более 30 000,более 3 000 000,около 100 000,,более 20 000,более 100 000,более 2 000 000,более 200 000,около 1 000 000,более 1 000 000,около 500 000,более 300 000 +
     22.6074 * VISITORS_COUNT=около 3 000,около 10 000,около 1 000,более 3 000,более 1 000,около 300,более 10 000,около 50 000,около 5 000,более 30 000,более 3 000 000,около 100 000,,более 20 000,более 100 000,более 2 000 000,более 200 000,около 1 000 000,более 1 000 000,около 500 000,более 300 000 +
    -21.7344 * VISITORS_COUNT=около 10 000,около 1 000,более 3 000,более 1 000,около 300,более 10 000,около 50 000,около 5 000,более 30 000,более 3 000 000,около 100 000,,более 20 000,более 100 000,более 2 000 000,более 200 000,около 1 000 000,более 1 000 000,около 500 000,более 300 000 +
     38.7327 * VISITORS_COUNT=около 1 000,более 3 000,более 1 000,около 300,более 10 000,около 50 000,около 5 000,более 30 000,более 3 000 000,около 100 000,,более 20 000,более 100 000,более 2 000 000,более 200 000,около 1 000 000,более 1 000 000,около 500 000,более 300 000 +
    -42.2925 * VISITORS_COUNT=более 3 000,более 1 000,около 300,более 10 000,около 50 000,около 5 000,более 30 000,более 3 000 000,около 100 000,,более 20 000,более 100 000,более 2 000 000,более 200 000,около 1 000 000,более 1 000 000,около 500 000,более 300 000 +
     22.2976 * VISITORS_COUNT=более 1 000,около 300,более 10 000,около 50 000,около 5 000,более 30 000,более 3 000 000,около 100 000,,более 20 000,более 100 000,более 2 000 000,более 200 000,около 1 000 000,более 1 000 000,около 500 000,более 300 000 +
     31.6222 * VISITORS_COUNT=около 300,более 10 000,около 50 000,около 5 000,более 30 000,более 3 000 000,около 100 000,,более 20 000,более 100 000,более 2 000 000,более 200 000,около 1 000 000,более 1 000 000,около 500 000,более 300 000 +
    -56.487  * VISITORS_COUNT=более 10 000,около 50 000,около 5 000,более 30 000,более 3 000 000,около 100 000,,более 20 000,более 100 000,более 2 000 000,более 200 000,около 1 000 000,более 1 000 000,около 500 000,более 300 000 +
      9.0724 * VISITORS_COUNT=около 50 000,около 5 000,более 30 000,более 3 000 000,около 100 000,,более 20 000,более 100 000,более 2 000 000,более 200 000,около 1 000 000,более 1 000 000,около 500 000,более 300 000 +
     -3.6714 * VISITORS_COUNT=около 5 000,более 30 000,более 3 000 000,около 100 000,,более 20 000,более 100 000,более 2 000 000,более 200 000,около 1 000 000,более 1 000 000,около 500 000,более 300 000 +
     20.1523 * VISITORS_COUNT=более 30 000,более 3 000 000,около 100 000,,более 20 000,более 100 000,более 2 000 000,более 200 000,около 1 000 000,более 1 000 000,около 500 000,более 300 000 +
   -141.4789 * VISITORS_COUNT=более 3 000 000,около 100 000,,более 20 000,более 100 000,более 2 000 000,более 200 000,около 1 000 000,более 1 000 000,около 500 000,более 300 000 +
