
Linear Regression Model

PRICE =

    -53.5369 * WEALTH_INDEX +
   -584.8362 * EDUCATION_INDEX +
      5.8001 * AVERAGE_SALARY +
    583.2068 * MARKET_INDEX=,D,B,C,A,AA,AAA +
    579.46   * MARKET_INDEX=D,B,C,A,AA,AAA +
   1608.949  * MARKET_INDEX=B,C,A,AA,AAA +
    957.5694 * MARKET_INDEX=A,AA,AAA +
   -642.3496 * MARKET_INDEX=AA,AAA +
  -7523.4855 * MARKET_INDEX=AAA +
     78.9929 * LOCAL_PERCENT +
      2.329  * LOCAL_PRICE +
     33.9832 * LOCAL_QUALITY +
   1582.0348 * SHOP_SIZE=500,1000,3,2,5,4,1,10000,100000 +
   7252.7018 * SHOP_SIZE=1000,3,2,5,4,1,10000,100000 +
    669.9066 * SHOP_SIZE=3,2,5,4,1,10000,100000 +
    648.7818 * SHOP_SIZE=2,5,4,1,10000,100000 +
    640.3204 * SHOP_SIZE=5,4,1,10000,100000 +
    648.511  * SHOP_SIZE=4,1,10000,100000 +
    641.5007 * SHOP_SIZE=1,10000,100000 +
    635.5054 * SHOP_SIZE=10000,100000 +
   3535.0686 * SHOP_SIZE=100000 +
   -570.0725 * TOWN_DISTRICT=Спальный район,,Пригород,Фешенебельный район,Окраина +
   -351.6381 * TOWN_DISTRICT=,Пригород,Фешенебельный район,Окраина +
   -350.4933 * TOWN_DISTRICT=Пригород,Фешенебельный район,Окраина +
  -1560.9302 * TOWN_DISTRICT=Фешенебельный район,Окраина +
   4155.1678 * DEPARTMENT_COUNT=7,8,6,5,2,4,3,1,9 +
  -2415.695  * DEPARTMENT_COUNT=8,6,5,2,4,3,1,9 +
   3298.6862 * DEPARTMENT_COUNT=5,2,4,3,1,9 +
   -545.5999 * DEPARTMENT_COUNT=2,4,3,1,9 +
    727.2536 * DEPARTMENT_COUNT=4,3,1,9 +
   -250.3108 * DEPARTMENT_COUNT=3,1,9 +
   1556.6589 * DEPARTMENT_COUNT=1,9 +
    619.37   * DEPARTMENT_COUNT=9 +
    194.8523 * BRAND +
    269.5235 * QUALITY +
     20.5885 * NOTORIETY +
  20779.1708 * VISITORS_COUNT=менее 50,около 100,около 300,около 50,около 200,более 300,около 500,около 2 000,около 1 000,более 100,более 30 000,более 20 000,более 1 000,более 2 000,около 50 000,более 2 000 000,более 200,более 3 000,более 300 000,,более 200 000,около 5 000,более 10 000,около 500 000,более 1 000 000,более 100 000,около 10 000,около 100 000,около 1 000 000,около 3 000,более 3 000 000,около 300 000,около 5 000 000 +
  -5814.1596 * VISITORS_COUNT=около 100,около 300,около 50,около 200,более 300,около 500,около 2 000,около 1 000,более 100,более 30 000,более 20 000,более 1 000,более 2 000,около 50 000,более 2 000 000,более 200,более 3 000,более 300 000,,более 200 000,около 5 000,более 10 000,около 500 000,более 1 000 000,более 100 000,около 10 000,около 100 000,около 1 000 000,около 3 000,более 3 000 000,около 300 000,около 5 000 000 +
  -3012.1995 * VISITORS_COUNT=около 300,около 50,около 200,более 300,около 500,около 2 000,около 1 000,более 100,более 30 000,более 20 000,более 1 000,более 2 000,около 50 000,более 2 000 000,более 200,более 3 000,более 300 000,,более 200 000,около 5 000,более 10 000,около 500 000,более 1 000 000,более 100 000,около 10 000,около 100 000,около 1 000 000,около 3 000,более 3 000 000,около 300 000,около 5 000 000 +
   7944.3573 * VISITORS_COUNT=около 50,около 200,более 300,около 500,около 2 000,около 1 000,более 100,более 30 000,более 20 000,более 1 000,более 2 000,около 50 000,более 2 000 000,более 200,более 3 000,более 300 000,,более 200 000,около 5 000,более 10 000,около 500 000,более 1 000 000,более 100 000,около 10 000,около 100 000,около 1 000 000,около 3 000,более 3 000 000,около 300 000,около 5 000 000 +
  -4119.6283 * VISITORS_COUNT=более 300,около 500,около 2 000,около 1 000,более 100,более 30 000,более 20 000,более 1 000,более 2 000,около 50 000,более 2 000 000,более 200,более 3 000,более 300 000,,более 200 000,около 5 000,более 10 000,около 500 000,более 1 000 000,более 100 000,около 10 000,около 100 000,около 1 000 000,около 3 000,более 3 000 000,около 300 000,около 5 000 000 +
  -1809.8039 * VISITORS_COUNT=около 500,около 2 000,около 1 000,более 100,более 30 000,более 20 000,более 1 000,более 2 000,около 50 000,более 2 000 000,более 200,более 3 000,более 300 000,,более 200 000,около 5 000,более 10 000,около 500 000,более 1 000 000,более 100 000,около 10 000,около 100 000,около 1 000 000,около 3 000,более 3 000 000,около 300 000,около 5 000 000 +
   -389.9368 * VISITORS_COUNT=около 2 000,около 1 000,более 100,более 30 000,более 20 000,более 1 000,более 2 000,около 50 000,более 2 000 000,более 200,более 3 000,более 300 000,,более 200 000,около 5 000,более 10 000,около 500 000,более 1 000 000,более 100 000,около 10 000,около 100 000,около 1 000 000,около 3 000,более 3 000 000,около 300 000,около 5 000 000 +
   5590.4113 * VISITORS_COUNT=более 100,более 30 000,более 20 000,более 1 000,более 2 000,около 50 000,более 2 000 000,более 200,более 3 000,более 300 000,,более 200 000,около 5 000,более 10 000,около 500 000,более 1 000 000,более 100 000,около 10 000,около 100 000,около 1 000 000,около 3 000,более 3 000 000,около 300 000,около 5 000 000 +
 -10118.0356 * VISITORS_COUNT=более 30 000,более 20 000,более 1 000,более 2 000,около 50 000,более 2 000 000,более 200,более 3 000,более 300 000,,более 200 000,около 5 000,более 10 000,около 500 000,более 1 000 000,более 100 000,около 10 000,около 100 000,около 1 000 000,около 3 000,более 3 000 000,около 300 000,около 5 000 000 +
   4372.4641 * VISITORS_COUNT=более 1 000,более 2 000,около 50 000,более 2 000 000,более 200,более 3 000,более 300 000,,более 200 000,около 5 000,более 10 000,около 500 000,более 1 000 000,более 100 000,около 10 000,около 100 000,около 1 000 000,около 3 000,более 3 000 000,около 300 000,около 5 000 000 +
   -898.3885 * VISITORS_COUNT=более 2 000,около 50 000,более 2 000 000,более 200,более 3 000,более 300 000,,более 200 000,около 5 000,более 10 000,около 500 000,более 1 000 000,более 100 000,около 10 000,около 100 000,около 1 000 000,около 3 000,более 3 000 000,около 300 000,около 5 000 000 +
  -4916.0716 * VISITORS_COUNT=около 50 000,более 2 000 000,более 200,более 3 000,более 300 000,,более 200 000,около 5 000,более 10 000,около 500 000,более 1 000 000,более 100 000,около 10 000,около 100 000,около 1 000 000,около 3 000,более 3 000 000,около 300 000,около 5 000 000 +
  -6412.5878 * VISITORS_COUNT=более 2 000 000,более 200,более 3 000,более 300 000,,более 200 000,около 5 000,более 10 000,около 500 000,более 1 000 000,более 100 000,около 10 000,около 100 000,около 1 000 000,около 3 000,более 3 000 000,около 300 000,около 5 000 000 +
  16326.6742 * VISITORS_COUNT=более 200,более 3 000,более 300 000,,более 200 000,около 5 000,более 10 000,около 500 000,более 1 000 000,более 100 000,около 10 000,около 100 000,около 1 000 000,около 3 000,более 3 000 000,около 300 000,около 5 000 000 +
  -3340.7908 * VISITORS_COUNT=более 3 000,более 300 000,,более 200 000,около 5 000,более 10 000,около 500 000,более 1 000 000,более 100 000,около 10 000,около 100 000,около 1 000 000,около 3 000,более 3 000 000,около 300 000,около 5 000 000 +
  -8215.2965 * VISITORS_COUNT=более 300 000,,более 200 000,около 5 000,более 10 000,около 500 000,более 1 000 000,более 100 000,около 10 000,около 100 000,около 1 000 000,около 3 000,более 3 000 000,около 300 000,около 5 000 000 +
    153.2884 * VISITORS_COUNT=,более 200 000,около 5 000,более 10 000,около 500 000,более 1 000 000,более 100 000,около 10 000,около 100 000,около 1 000 000,около 3 000,более 3 000 000,около 300 000,около 5 000 000 +
    156.2547 * VISITORS_COUNT=более 200 000,около 5 000,более 10 000,около 500 000,более 1 000 000,более 100 000,около 10 000,около 100 000,около 1 000 000,около 3 000,более 3 000 000,около 300 000,около 5 000 000 +
   7142.5653 * VISITORS_COUNT=около 5 000,более 10 000,около 500 000,более 1 000 000,более 100 000,около 10 000,около 100 000,около 1 000 000,около 3 000,более 3 000 000,около 300 000,около 5 000 000 +
  -2656.4013 * VISITORS_COUNT=более 10 000,около 500 000,более 1 000 000,более 100 000,около 10 000,около 100 000,около 1 000 000,около 3 000,более 3 000 000,около 300 000,около 5 000 000 +
  -4005.8155 * VISITORS_COUNT=около 500 000,более 1 000 000,более 100 000,около 10 000,около 100 000,около 1 000 000,около 3 000,более 3 000 000,около 300 000,около 5 000 000 +
