
Linear Regression Model

PRICE =

   -715.6617 * WEALTH_INDEX +
  -7232.6404 * EDUCATION_INDEX +
      5.444  * AVERAGE_SALARY +
 -14019.1133 * MARKET_INDEX=,E,C,AAA,A,AA +
 -14058.5099 * MARKET_INDEX=E,C,AAA,A,AA +
  53974.6288 * MARKET_INDEX=C,AAA,A,AA +
 -71445.254  * MARKET_INDEX=AAA,A,AA +
 106829.1856 * MARKET_INDEX=A,AA +
 -87251.8918 * MARKET_INDEX=AA +
     -0.6533 * MARKET_VOLUME +
    662.434  * LOCAL_PERCENT +
      3.2539 * LOCAL_PRICE +
 -83574.9129 * SHOP_SIZE=500,1000,10000,3,2,5,4,1,100000 +
 -50954.8051 * SHOP_SIZE=1000,10000,3,2,5,4,1,100000 +
 -69259.1226 * SHOP_SIZE=10000,3,2,5,4,1,100000 +
  -2572.7475 * SHOP_SIZE=3,2,5,4,1,100000 +
  -2609.5625 * SHOP_SIZE=2,5,4,1,100000 +
  -2581.4682 * SHOP_SIZE=5,4,1,100000 +
  -2509.6319 * SHOP_SIZE=4,1,100000 +
  -2533.6235 * SHOP_SIZE=1,100000 +
  -2491.1907 * SHOP_SIZE=100000 +
 -77146.8968 * TOWN_DISTRICT=Окраина,Спальный район,Центр города,,Фешенебельный район +
   5116.533  * TOWN_DISTRICT=Спальный район,Центр города,,Фешенебельный район +
  26878.1201 * TOWN_DISTRICT=,Фешенебельный район +
  26881.4511 * TOWN_DISTRICT=Фешенебельный район +
  36002.773  * DEPARTMENT_COUNT=10,9,5,1,7,6,4,3,2 +
 -24837.0977 * DEPARTMENT_COUNT=9,5,1,7,6,4,3,2 +
 -21905.9534 * DEPARTMENT_COUNT=5,1,7,6,4,3,2 +
  24686.2436 * DEPARTMENT_COUNT=1,7,6,4,3,2 +
  10458.0579 * DEPARTMENT_COUNT=4,3,2 +
  54452.6545 * DEPARTMENT_COUNT=3,2 +
  13821.3702 * DEPARTMENT_COUNT=2 +
  13642.5209 * BRAND +
    628.4818 * QUALITY +
    -68.3776 * NOTORIETY +
-197705.0167 * VISITORS_COUNT=около 100,около 300,более 300,около 200 000,около 2 000,менее 50,более 1 000 000,около 50,более 200,около 1 000 000,более 2 000 000,более 3 000 000,около 500,около 5 000 000,более 3 000,более 2 000,около 1 000,более 100,более 1 000,около 200,около 5 000,более 300 000,более 200 000,около 500 000,более 10 000,около 10 000,,более 20 000,более 100 000,более 30 000,около 50 000,около 100 000,около 30 000 +
  29837.2875 * VISITORS_COUNT=около 300,более 300,около 200 000,около 2 000,менее 50,более 1 000 000,около 50,более 200,около 1 000 000,более 2 000 000,более 3 000 000,около 500,около 5 000 000,более 3 000,более 2 000,около 1 000,более 100,более 1 000,около 200,около 5 000,более 300 000,более 200 000,около 500 000,более 10 000,около 10 000,,более 20 000,более 100 000,более 30 000,около 50 000,около 100 000,около 30 000 +
 149473.133  * VISITORS_COUNT=около 200 000,около 2 000,менее 50,более 1 000 000,около 50,более 200,около 1 000 000,более 2 000 000,более 3 000 000,около 500,около 5 000 000,более 3 000,более 2 000,около 1 000,более 100,более 1 000,около 200,около 5 000,более 300 000,более 200 000,около 500 000,более 10 000,около 10 000,,более 20 000,более 100 000,более 30 000,около 50 000,около 100 000,около 30 000 +
 -40616.5698 * VISITORS_COUNT=около 2 000,менее 50,более 1 000 000,около 50,более 200,около 1 000 000,более 2 000 000,более 3 000 000,около 500,около 5 000 000,более 3 000,более 2 000,около 1 000,более 100,более 1 000,около 200,около 5 000,более 300 000,более 200 000,около 500 000,более 10 000,около 10 000,,более 20 000,более 100 000,более 30 000,около 50 000,около 100 000,около 30 000 +
-273448.0952 * VISITORS_COUNT=менее 50,более 1 000 000,около 50,более 200,около 1 000 000,более 2 000 000,более 3 000 000,около 500,около 5 000 000,более 3 000,более 2 000,около 1 000,более 100,более 1 000,около 200,около 5 000,более 300 000,более 200 000,около 500 000,более 10 000,около 10 000,,более 20 000,более 100 000,более 30 000,около 50 000,около 100 000,около 30 000 +
 415000.5359 * VISITORS_COUNT=более 1 000 000,около 50,более 200,около 1 000 000,более 2 000 000,более 3 000 000,около 500,около 5 000 000,более 3 000,более 2 000,около 1 000,более 100,более 1 000,около 200,около 5 000,более 300 000,более 200 000,около 500 000,более 10 000,около 10 000,,более 20 000,более 100 000,более 30 000,около 50 000,около 100 000,около 30 000 +
-318738.9587 * VISITORS_COUNT=около 50,более 200,около 1 000 000,более 2 000 000,более 3 000 000,около 500,около 5 000 000,более 3 000,более 2 000,около 1 000,более 100,более 1 000,около 200,около 5 000,более 300 000,более 200 000,около 500 000,более 10 000,около 10 000,,более 20 000,более 100 000,более 30 000,около 50 000,около 100 000,около 30 000 +
  66516.1486 * VISITORS_COUNT=более 200,около 1 000 000,более 2 000 000,более 3 000 000,около 500,около 5 000 000,более 3 000,более 2 000,около 1 000,более 100,более 1 000,около 200,около 5 000,более 300 000,более 200 000,около 500 000,более 10 000,около 10 000,,более 20 000,более 100 000,более 30 000,около 50 000,около 100 000,около 30 000 +
 239487.0456 * VISITORS_COUNT=около 1 000 000,более 2 000 000,более 3 000 000,около 500,около 5 000 000,более 3 000,более 2 000,около 1 000,более 100,более 1 000,около 200,около 5 000,более 300 000,более 200 000,около 500 000,более 10 000,около 10 000,,более 20 000,более 100 000,более 30 000,около 50 000,около 100 000,около 30 000 +
   7911.7601 * VISITORS_COUNT=более 2 000 000,более 3 000 000,около 500,около 5 000 000,более 3 000,более 2 000,около 1 000,более 100,более 1 000,около 200,около 5 000,более 300 000,более 200 000,около 500 000,более 10 000,около 10 000,,более 20 000,более 100 000,более 30 000,около 50 000,около 100 000,около 30 000 +
   8024.8957 * VISITORS_COUNT=более 3 000 000,около 500,около 5 000 000,более 3 000,более 2 000,около 1 000,более 100,более 1 000,около 200,около 5 000,более 300 000,более 200 000,около 500 000,более 10 000,около 10 000,,более 20 000,более 100 000,более 30 000,около 50 000,около 100 000,около 30 000 +
-208591.0104 * VISITORS_COUNT=около 500,около 5 000 000,более 3 000,более 2 000,около 1 000,более 100,более 1 000,около 200,около 5 000,более 300 000,более 200 000,около 500 000,более 10 000,около 10 000,,более 20 000,более 100 000,более 30 000,около 50 000,около 100 000,около 30 000 +
 234109.2962 * VISITORS_COUNT=около 5 000 000,более 3 000,более 2 000,около 1 000,более 100,более 1 000,около 200,около 5 000,более 300 000,более 200 000,около 500 000,более 10 000,около 10 000,,более 20 000,более 100 000,более 30 000,около 50 000,около 100 000,около 30 000 +
-155184.547  * VISITORS_COUNT=более 3 000,более 2 000,около 1 000,более 100,более 1 000,около 200,около 5 000,более 300 000,более 200 000,около 500 000,более 10 000,около 10 000,,более 20 000,более 100 000,более 30 000,около 50 000,около 100 000,около 30 000 +
 -29402.5328 * VISITORS_COUNT=более 2 000,около 1 000,более 100,более 1 000,около 200,около 5 000,более 300 000,более 200 000,около 500 000,более 10 000,около 10 000,,более 20 000,более 100 000,более 30 000,около 50 000,около 100 000,около 30 000 +
 -39771.7253 * VISITORS_COUNT=около 1 000,более 100,более 1 000,около 200,около 5 000,более 300 000,более 200 000,около 500 000,более 10 000,около 10 000,,более 20 000,более 100 000,более 30 000,около 50 000,около 100 000,около 30 000 +
 -52645.7918 * VISITORS_COUNT=более 100,более 1 000,около 200,около 5 000,более 300 000,более 200 000,около 500 000,более 10 000,около 10 000,,более 20 000,более 100 000,более 30 000,около 50 000,около 100 000,около 30 000 +
  66905.7626 * VISITORS_COUNT=более 1 000,около 200,около 5 000,более 300 000,более 200 000,около 500 000,более 10 000,около 10 000,,более 20 000,более 100 000,более 30 000,около 50 000,около 100 000,около 30 000 +
-142141.7592 * VISITORS_COUNT=около 200,около 5 000,более 300 000,более 200 000,около 500 000,более 10 000,около 10 000,,более 20 000,более 100 000,более 30 000,около 50 000,около 100 000,около 30 000 +
 206525.5187 * VISITORS_COUNT=около 5 000,более 300 000,более 200 000,около 500 000,более 10 000,около 10 000,,более 20 000,более 100 000,более 30 000,около 50 000,около 100 000,около 30 000 +
  88322.4264 * VISITORS_COUNT=более 300 000,более 200 000,около 500 000,более 10 000,около 10 000,,более 20 000,более 100 000,более 30 000,около 50 000,около 100 000,около 30 000 +
