
Linear Regression Model

PRICE =

      2.5508 * WEALTH_INDEX +
    -11.8796 * EDUCATION_INDEX +
      0.1332 * AVERAGE_SALARY +
    158.5946 * MARKET_INDEX=,C,D,B,A,AAA,AA +
    158.7472 * MARKET_INDEX=C,D,B,A,AAA,AA +
   -156.3961 * MARKET_INDEX=D,B,A,AAA,AA +
    188.9318 * MARKET_INDEX=B,A,AAA,AA +
     87.502  * MARKET_INDEX=A,AAA,AA +
    100.1172 * MARKET_INDEX=AAA,AA +
    324.4017 * MARKET_INDEX=AA +
      0      * MARKET_VOLUME +
      2.3829 * LOCAL_PERCENT +
      0.6389 * LOCAL_PRICE +
    -21.2979 * LOCAL_QUALITY +
     41.9464 * SHOP_SIZE=500,10000,1000,3,2,5,4,1,100000 +
    209.6391 * SHOP_SIZE=10000,1000,3,2,5,4,1,100000 +
    -62.6783 * SHOP_SIZE=1000,3,2,5,4,1,100000 +
     31.8395 * SHOP_SIZE=3,2,5,4,1,100000 +
     31.6969 * SHOP_SIZE=2,5,4,1,100000 +
     31.7691 * SHOP_SIZE=5,4,1,100000 +
     31.7969 * SHOP_SIZE=4,1,100000 +
     31.8114 * SHOP_SIZE=1,100000 +
     31.8953 * SHOP_SIZE=100000 +
     25.3498 * TOWN_DISTRICT=Окраина,Пригород,,Центр города,Фешенебельный район +
    -21.1014 * TOWN_DISTRICT=Пригород,,Центр города,Фешенебельный район +
    -31.8659 * TOWN_DISTRICT=,Центр города,Фешенебельный район +
    -32.1434 * TOWN_DISTRICT=Центр города,Фешенебельный район +
    -91.6608 * TOWN_DISTRICT=Фешенебельный район +
    -58.0042 * DEPARTMENT_COUNT=6,7,3,4,2,5,8,9,1 +
    -22.176  * DEPARTMENT_COUNT=7,3,4,2,5,8,9,1 +
    104.7429 * DEPARTMENT_COUNT=3,4,2,5,8,9,1 +
    -11.7845 * DEPARTMENT_COUNT=4,2,5,8,9,1 +
      9.6485 * DEPARTMENT_COUNT=2,5,8,9,1 +
   -102.204  * DEPARTMENT_COUNT=8,9,1 +
    120.312  * DEPARTMENT_COUNT=9,1 +
     72.4306 * DEPARTMENT_COUNT=1 +
      7.228  * BRAND +
     24.7799 * QUALITY +
      0.4661 * NOTORIETY +
    -74.0282 * VISITORS_COUNT=около 100,около 2 000,около 50,более 100,более 200,около 200,около 300,более 300,около 500,более 2 000,более 3 000,около 1 000,около 10 000,около 5 000,более 1 000,более 10 000,около 3 000,более 30 000,более 20 000,около 50 000,,около 100 000,около 20 000,более 100 000,около 1 000 000,более 200 000,более 1 000 000,около 500 000,более 2 000 000,более 300 000,более 3 000 000,около 5 000 000 +
   -677.603  * VISITORS_COUNT=около 2 000,около 50,более 100,более 200,около 200,около 300,более 300,около 500,более 2 000,более 3 000,около 1 000,около 10 000,около 5 000,более 1 000,более 10 000,около 3 000,более 30 000,более 20 000,около 50 000,,около 100 000,около 20 000,более 100 000,около 1 000 000,более 200 000,более 1 000 000,около 500 000,более 2 000 000,более 300 000,более 3 000 000,около 5 000 000 +
    746.9155 * VISITORS_COUNT=около 50,более 100,более 200,около 200,около 300,более 300,около 500,более 2 000,более 3 000,около 1 000,около 10 000,около 5 000,более 1 000,более 10 000,около 3 000,более 30 000,более 20 000,около 50 000,,около 100 000,около 20 000,более 100 000,около 1 000 000,более 200 000,более 1 000 000,около 500 000,более 2 000 000,более 300 000,более 3 000 000,около 5 000 000 +
    -68.541  * VISITORS_COUNT=более 100,более 200,около 200,около 300,более 300,около 500,более 2 000,более 3 000,около 1 000,около 10 000,около 5 000,более 1 000,более 10 000,около 3 000,более 30 000,более 20 000,около 50 000,,около 100 000,около 20 000,более 100 000,около 1 000 000,более 200 000,более 1 000 000,около 500 000,более 2 000 000,более 300 000,более 3 000 000,около 5 000 000 +
    -49.8342 * VISITORS_COUNT=более 200,около 200,около 300,более 300,около 500,более 2 000,более 3 000,около 1 000,около 10 000,около 5 000,более 1 000,более 10 000,около 3 000,более 30 000,более 20 000,около 50 000,,около 100 000,около 20 000,более 100 000,около 1 000 000,более 200 000,более 1 000 000,около 500 000,более 2 000 000,более 300 000,более 3 000 000,около 5 000 000 +
    -12.7559 * VISITORS_COUNT=около 200,около 300,более 300,около 500,более 2 000,более 3 000,около 1 000,около 10 000,около 5 000,более 1 000,более 10 000,около 3 000,более 30 000,более 20 000,около 50 000,,около 100 000,около 20 000,более 100 000,около 1 000 000,более 200 000,более 1 000 000,около 500 000,более 2 000 000,более 300 000,более 3 000 000,около 5 000 000 +
     21.1879 * VISITORS_COUNT=около 300,более 300,около 500,более 2 000,более 3 000,около 1 000,около 10 000,около 5 000,более 1 000,более 10 000,около 3 000,более 30 000,более 20 000,около 50 000,,около 100 000,около 20 000,более 100 000,около 1 000 000,более 200 000,более 1 000 000,около 500 000,более 2 000 000,более 300 000,более 3 000 000,около 5 000 000 +
    -24.7794 * VISITORS_COUNT=более 300,около 500,более 2 000,более 3 000,около 1 000,около 10 000,около 5 000,более 1 000,более 10 000,около 3 000,более 30 000,более 20 000,около 50 000,,около 100 000,около 20 000,более 100 000,около 1 000 000,более 200 000,более 1 000 000,около 500 000,более 2 000 000,более 300 000,более 3 000 000,около 5 000 000 +
    -23.5268 * VISITORS_COUNT=около 500,более 2 000,более 3 000,около 1 000,около 10 000,около 5 000,более 1 000,более 10 000,около 3 000,более 30 000,более 20 000,около 50 000,,около 100 000,около 20 000,более 100 000,около 1 000 000,более 200 000,более 1 000 000,около 500 000,более 2 000 000,более 300 000,более 3 000 000,около 5 000 000 +
    -96.3338 * VISITORS_COUNT=более 2 000,более 3 000,около 1 000,около 10 000,около 5 000,более 1 000,более 10 000,около 3 000,более 30 000,более 20 000,около 50 000,,около 100 000,около 20 000,более 100 000,около 1 000 000,более 200 000,более 1 000 000,около 500 000,более 2 000 000,более 300 000,более 3 000 000,около 5 000 000 +
    -21.1333 * VISITORS_COUNT=более 3 000,около 1 000,около 10 000,около 5 000,более 1 000,более 10 000,около 3 000,более 30 000,более 20 000,около 50 000,,около 100 000,около 20 000,более 100 000,около 1 000 000,более 200 000,более 1 000 000,около 500 000,более 2 000 000,более 300 000,более 3 000 000,около 5 000 000 +
     91.5742 * VISITORS_COUNT=около 1 000,около 10 000,около 5 000,более 1 000,более 10 000,около 3 000,более 30 000,более 20 000,около 50 000,,около 100 000,около 20 000,более 100 000,около 1 000 000,более 200 000,более 1 000 000,около 500 000,более 2 000 000,более 300 000,более 3 000 000,около 5 000 000 +
    -88.3162 * VISITORS_COUNT=около 10 000,около 5 000,более 1 000,более 10 000,около 3 000,более 30 000,более 20 000,около 50 000,,около 100 000,около 20 000,более 100 000,около 1 000 000,более 200 000,более 1 000 000,около 500 000,более 2 000 000,более 300 000,более 3 000 000,около 5 000 000 +
     11.5535 * VISITORS_COUNT=около 5 000,более 1 000,более 10 000,около 3 000,более 30 000,более 20 000,около 50 000,,около 100 000,около 20 000,более 100 000,около 1 000 000,более 200 000,более 1 000 000,около 500 000,более 2 000 000,более 300 000,более 3 000 000,около 5 000 000 +
     57.3588 * VISITORS_COUNT=более 1 000,более 10 000,около 3 000,более 30 000,более 20 000,около 50 000,,около 100 000,около 20 000,более 100 000,около 1 000 000,более 200 000,более 1 000 000,около 500 000,более 2 000 000,более 300 000,более 3 000 000,около 5 000 000 +
    -97.6898 * VISITORS_COUNT=более 10 000,около 3 000,более 30 000,более 20 000,около 50 000,,около 100 000,около 20 000,более 100 000,около 1 000 000,более 200 000,более 1 000 000,около 500 000,более 2 000 000,более 300 000,более 3 000 000,около 5 000 000 +
     58.4461 * VISITORS_COUNT=около 3 000,более 30 000,более 20 000,около 50 000,,около 100 000,около 20 000,более 100 000,около 1 000 000,более 200 000,более 1 000 000,около 500 000,более 2 000 000,более 300 000,более 3 000 000,около 5 000 000 +
    -38.5787 * VISITORS_COUNT=более 30 000,более 20 000,около 50 000,,около 100 000,около 20 000,более 100 000,около 1 000 000,более 200 000,более 1 000 000,около 500 000,более 2 000 000,более 300 000,более 3 000 000,около 5 000 000 +
    -24.8037 * VISITORS_COUNT=более 20 000,около 50 000,,около 100 000,около 20 000,более 100 000,около 1 000 000,более 200 000,более 1 000 000,около 500 000,более 2 000 000,более 300 000,более 3 000 000,около 5 000 000 +
