
Linear Regression Model

PRICE =

     12.5301 * WEALTH_INDEX +
    -27.8736 * EDUCATION_INDEX +
      0.332  * AVERAGE_SALARY +
    160.4798 * MARKET_INDEX=,D,C,B,A,AAA,AA +
    160.4274 * MARKET_INDEX=D,C,B,A,AAA,AA +
    551.2524 * MARKET_INDEX=C,B,A,AAA,AA +
   -793.8193 * MARKET_INDEX=AAA,AA +
    493.1234 * MARKET_INDEX=AA +
     -0.0004 * MARKET_VOLUME +
     12.2877 * LOCAL_PERCENT +
      1.1922 * LOCAL_PRICE +
    -82.0367 * LOCAL_QUALITY +
    375.6799 * SHOP_SIZE=10000,1000,3,2,5,4,1,100000 +
   -119.1189 * SHOP_SIZE=1000,3,2,5,4,1,100000 +
    107.5841 * SHOP_SIZE=3,2,5,4,1,100000 +
    107.1094 * SHOP_SIZE=2,5,4,1,100000 +
    107.4471 * SHOP_SIZE=5,4,1,100000 +
    107.4582 * SHOP_SIZE=4,1,100000 +
    107.2353 * SHOP_SIZE=1,100000 +
    108.1503 * SHOP_SIZE=100000 +
    125.5841 * TOWN_DISTRICT=Окраина,Спальный район,Центр города,,Фешенебельный район +
    130.425  * TOWN_DISTRICT=Спальный район,Центр города,,Фешенебельный район +
    357.5978 * TOWN_DISTRICT=Центр города,,Фешенебельный район +
   -159.7495 * TOWN_DISTRICT=,Фешенебельный район +
   -159.9097 * TOWN_DISTRICT=Фешенебельный район +
    293.897  * DEPARTMENT_COUNT=6,8,4,5,3,10,9,2,1 +
   -452.4179 * DEPARTMENT_COUNT=8,4,5,3,10,9,2,1 +
    507.9674 * DEPARTMENT_COUNT=4,5,3,10,9,2,1 +
     37.2648 * DEPARTMENT_COUNT=5,3,10,9,2,1 +
     58.1317 * DEPARTMENT_COUNT=3,10,9,2,1 +
   -112.32   * DEPARTMENT_COUNT=10,9,2,1 +
    -77.5515 * DEPARTMENT_COUNT=9,2,1 +
    326.801  * DEPARTMENT_COUNT=2,1 +
     55.0938 * DEPARTMENT_COUNT=1 +
     43.3009 * BRAND +
     37.2905 * QUALITY +
      2.5745 * NOTORIETY +
    205.756  * VISITORS_COUNT=около 50,около 100,более 100,около 30 000,около 2 000,более 300,более 200,около 500,более 3 000,более 2 000,около 5 000,около 10 000,около 300,около 20 000,около 1 000,около 3 000,более 10 000,более 20 000,более 30 000,,около 200,около 50 000,более 1 000,около 100 000,более 100 000,более 200 000,более 300 000,более 1 000 000,около 500 000,около 1 000 000,более 2 000 000,более 3 000 000,около 5 000 000 +
   -105.0817 * VISITORS_COUNT=более 100,около 30 000,около 2 000,более 300,более 200,около 500,более 3 000,более 2 000,около 5 000,около 10 000,около 300,около 20 000,около 1 000,около 3 000,более 10 000,более 20 000,более 30 000,,около 200,около 50 000,более 1 000,около 100 000,более 100 000,более 200 000,более 300 000,более 1 000 000,около 500 000,около 1 000 000,более 2 000 000,более 3 000 000,около 5 000 000 +
  -1266.595  * VISITORS_COUNT=около 30 000,около 2 000,более 300,более 200,около 500,более 3 000,более 2 000,около 5 000,около 10 000,около 300,около 20 000,около 1 000,около 3 000,более 10 000,более 20 000,более 30 000,,около 200,около 50 000,более 1 000,около 100 000,более 100 000,более 200 000,более 300 000,более 1 000 000,около 500 000,около 1 000 000,более 2 000 000,более 3 000 000,около 5 000 000 +
    366.4046 * VISITORS_COUNT=около 2 000,более 300,более 200,около 500,более 3 000,более 2 000,около 5 000,около 10 000,около 300,около 20 000,около 1 000,около 3 000,более 10 000,более 20 000,более 30 000,,около 200,около 50 000,более 1 000,около 100 000,более 100 000,более 200 000,более 300 000,более 1 000 000,около 500 000,около 1 000 000,более 2 000 000,более 3 000 000,около 5 000 000 +
    586.8211 * VISITORS_COUNT=более 300,более 200,около 500,более 3 000,более 2 000,около 5 000,около 10 000,около 300,около 20 000,около 1 000,около 3 000,более 10 000,более 20 000,более 30 000,,около 200,около 50 000,более 1 000,около 100 000,более 100 000,более 200 000,более 300 000,более 1 000 000,около 500 000,около 1 000 000,более 2 000 000,более 3 000 000,около 5 000 000 +
    195.8061 * VISITORS_COUNT=более 200,около 500,более 3 000,более 2 000,около 5 000,около 10 000,около 300,около 20 000,около 1 000,около 3 000,более 10 000,более 20 000,более 30 000,,около 200,около 50 000,более 1 000,около 100 000,более 100 000,более 200 000,более 300 000,более 1 000 000,около 500 000,около 1 000 000,более 2 000 000,более 3 000 000,около 5 000 000 +
    -94.2902 * VISITORS_COUNT=около 500,более 3 000,более 2 000,около 5 000,около 10 000,около 300,около 20 000,около 1 000,около 3 000,более 10 000,более 20 000,более 30 000,,около 200,около 50 000,более 1 000,около 100 000,более 100 000,более 200 000,более 300 000,более 1 000 000,около 500 000,около 1 000 000,более 2 000 000,более 3 000 000,около 5 000 000 +
   -265.0064 * VISITORS_COUNT=более 3 000,более 2 000,около 5 000,около 10 000,около 300,около 20 000,около 1 000,около 3 000,более 10 000,более 20 000,более 30 000,,около 200,около 50 000,более 1 000,около 100 000,более 100 000,более 200 000,более 300 000,более 1 000 000,около 500 000,около 1 000 000,более 2 000 000,более 3 000 000,около 5 000 000 +
     46.9877 * VISITORS_COUNT=более 2 000,около 5 000,около 10 000,около 300,около 20 000,около 1 000,около 3 000,более 10 000,более 20 000,более 30 000,,около 200,около 50 000,более 1 000,около 100 000,более 100 000,более 200 000,более 300 000,более 1 000 000,около 500 000,около 1 000 000,более 2 000 000,более 3 000 000,около 5 000 000 +
     49.4503 * VISITORS_COUNT=около 5 000,около 10 000,около 300,около 20 000,около 1 000,около 3 000,более 10 000,более 20 000,более 30 000,,около 200,около 50 000,более 1 000,около 100 000,более 100 000,более 200 000,более 300 000,более 1 000 000,около 500 000,около 1 000 000,более 2 000 000,более 3 000 000,около 5 000 000 +
    -42.1789 * VISITORS_COUNT=около 10 000,около 300,около 20 000,около 1 000,около 3 000,более 10 000,более 20 000,более 30 000,,около 200,около 50 000,более 1 000,около 100 000,более 100 000,более 200 000,более 300 000,более 1 000 000,около 500 000,около 1 000 000,более 2 000 000,более 3 000 000,около 5 000 000 +
    313.5567 * VISITORS_COUNT=около 300,около 20 000,около 1 000,около 3 000,более 10 000,более 20 000,более 30 000,,около 200,около 50 000,более 1 000,около 100 000,более 100 000,более 200 000,более 300 000,более 1 000 000,около 500 000,около 1 000 000,более 2 000 000,более 3 000 000,около 5 000 000 +
   -675.0684 * VISITORS_COUNT=около 20 000,около 1 000,около 3 000,более 10 000,более 20 000,более 30 000,,около 200,около 50 000,более 1 000,около 100 000,более 100 000,более 200 000,более 300 000,более 1 000 000,около 500 000,около 1 000 000,более 2 000 000,более 3 000 000,около 5 000 000 +
    583.4656 * VISITORS_COUNT=около 1 000,около 3 000,более 10 000,более 20 000,более 30 000,,около 200,около 50 000,более 1 000,около 100 000,более 100 000,более 200 000,более 300 000,более 1 000 000,около 500 000,около 1 000 000,более 2 000 000,более 3 000 000,около 5 000 000 +
     98.5289 * VISITORS_COUNT=около 3 000,более 10 000,более 20 000,более 30 000,,около 200,около 50 000,более 1 000,около 100 000,более 100 000,более 200 000,более 300 000,более 1 000 000,около 500 000,около 1 000 000,более 2 000 000,более 3 000 000,около 5 000 000 +
   -339.5158 * VISITORS_COUNT=более 10 000,более 20 000,более 30 000,,около 200,около 50 000,более 1 000,около 100 000,более 100 000,более 200 000,более 300 000,более 1 000 000,около 500 000,около 1 000 000,более 2 000 000,более 3 000 000,около 5 000 000 +
     17.9988 * VISITORS_COUNT=более 20 000,более 30 000,,около 200,около 50 000,более 1 000,около 100 000,более 100 000,более 200 000,более 300 000,более 1 000 000,около 500 000,около 1 000 000,более 2 000 000,более 3 000 000,около 5 000 000 +
     42.4265 * VISITORS_COUNT=более 30 000,,около 200,около 50 000,более 1 000,около 100 000,более 100 000,более 200 000,более 300 000,более 1 000 000,около 500 000,около 1 000 000,более 2 000 000,более 3 000 000,около 5 000 000 +
    421.9599 * VISITORS_COUNT=,около 200,около 50 000,более 1 000,около 100 000,более 100 000,более 200 000,более 300 000,более 1 000 000,около 500 000,около 1 000 000,более 2 000 000,более 3 000 000,около 5 000 000 +
