
Linear Regression Model

PRICE =

      3.8652 * WEALTH_INDEX +
    -92.4105 * EDUCATION_INDEX +
      0.5378 * AVERAGE_SALARY +
    623.3634 * MARKET_INDEX=C,D,B,A,AA,AAA +
   -376.78   * MARKET_INDEX=D,B,A,AA,AAA +
    300.8206 * MARKET_INDEX=B,A,AA,AAA +
   -291.5732 * MARKET_INDEX=A,AA,AAA +
   -492.2231 * MARKET_INDEX=AA,AAA +
   -970.32   * MARKET_INDEX=AAA +
     -0.0005 * MARKET_VOLUME +
      9.8625 * LOCAL_PERCENT +
      1.5807 * LOCAL_PRICE +
   -140.4197 * LOCAL_QUALITY +
    770.3089 * SHOP_SIZE=10000,1000,3,2,5,4,1,100000 +
     81.6875 * SHOP_SIZE=3,2,5,4,1,100000 +
     84.5585 * SHOP_SIZE=2,5,4,1,100000 +
     84.127  * SHOP_SIZE=5,4,1,100000 +
     83.4967 * SHOP_SIZE=4,1,100000 +
     84.1816 * SHOP_SIZE=1,100000 +
     83.7464 * SHOP_SIZE=100000 +
    519.0825 * TOWN_DISTRICT=Спальный район,Окраина,Центр города,,Фешенебельный район +
    196.7415 * TOWN_DISTRICT=Окраина,Центр города,,Фешенебельный район +
   -148.0101 * TOWN_DISTRICT=Центр города,,Фешенебельный район +
    -86.2122 * TOWN_DISTRICT=,Фешенебельный район +
    -85.521  * TOWN_DISTRICT=Фешенебельный район +
    466.3532 * DEPARTMENT_COUNT=7,5,3,4,6,2,8,1 +
    236.1894 * DEPARTMENT_COUNT=5,3,4,6,2,8,1 +
   -134.7563 * DEPARTMENT_COUNT=3,4,6,2,8,1 +
    178.2531 * DEPARTMENT_COUNT=4,6,2,8,1 +
    -75.8698 * DEPARTMENT_COUNT=6,2,8,1 +
    118.4644 * DEPARTMENT_COUNT=2,8,1 +
    123.0133 * DEPARTMENT_COUNT=8,1 +
    244.2773 * DEPARTMENT_COUNT=1 +
     12.9569 * BRAND +
     98.1847 * QUALITY +
      2.6936 * NOTORIETY +
    304.4077 * VISITORS_COUNT=около 100,более 100,около 50,более 200,более 300,около 300,около 2 000,около 500,около 300 000,около 30 000,около 3 000,около 1 000,более 3 000,более 2 000,более 30 000,более 20 000,более 10 000,более 1 000,около 5 000,около 50 000,,более 1 000 000,около 10 000,более 100 000,около 100 000,более 200 000,около 1 000 000,более 2 000 000,более 300 000,около 500 000,более 3 000 000,около 5 000 000 +
    462.3148 * VISITORS_COUNT=около 50,более 200,более 300,около 300,около 2 000,около 500,около 300 000,около 30 000,около 3 000,около 1 000,более 3 000,более 2 000,более 30 000,более 20 000,более 10 000,более 1 000,около 5 000,около 50 000,,более 1 000 000,около 10 000,более 100 000,около 100 000,более 200 000,около 1 000 000,более 2 000 000,более 300 000,около 500 000,более 3 000 000,около 5 000 000 +
   -768.8727 * VISITORS_COUNT=более 200,более 300,около 300,около 2 000,около 500,около 300 000,около 30 000,около 3 000,около 1 000,более 3 000,более 2 000,более 30 000,более 20 000,более 10 000,более 1 000,около 5 000,около 50 000,,более 1 000 000,около 10 000,более 100 000,около 100 000,более 200 000,около 1 000 000,более 2 000 000,более 300 000,около 500 000,более 3 000 000,около 5 000 000 +
   -273.9429 * VISITORS_COUNT=более 300,около 300,около 2 000,около 500,около 300 000,около 30 000,около 3 000,около 1 000,более 3 000,более 2 000,более 30 000,более 20 000,более 10 000,более 1 000,около 5 000,около 50 000,,более 1 000 000,около 10 000,более 100 000,около 100 000,более 200 000,около 1 000 000,более 2 000 000,более 300 000,около 500 000,более 3 000 000,около 5 000 000 +
  -1195.7082 * VISITORS_COUNT=около 2 000,около 500,около 300 000,около 30 000,около 3 000,около 1 000,более 3 000,более 2 000,более 30 000,более 20 000,более 10 000,более 1 000,около 5 000,около 50 000,,более 1 000 000,около 10 000,более 100 000,около 100 000,более 200 000,около 1 000 000,более 2 000 000,более 300 000,около 500 000,более 3 000 000,около 5 000 000 +
   1554.4462 * VISITORS_COUNT=около 500,около 300 000,около 30 000,около 3 000,около 1 000,более 3 000,более 2 000,более 30 000,более 20 000,более 10 000,более 1 000,около 5 000,около 50 000,,более 1 000 000,около 10 000,более 100 000,около 100 000,более 200 000,около 1 000 000,более 2 000 000,более 300 000,около 500 000,более 3 000 000,около 5 000 000 +
  -1915.7887 * VISITORS_COUNT=около 300 000,около 30 000,около 3 000,около 1 000,более 3 000,более 2 000,более 30 000,более 20 000,более 10 000,более 1 000,около 5 000,около 50 000,,более 1 000 000,около 10 000,более 100 000,около 100 000,более 200 000,около 1 000 000,более 2 000 000,более 300 000,около 500 000,более 3 000 000,около 5 000 000 +
    449.0572 * VISITORS_COUNT=около 30 000,около 3 000,около 1 000,более 3 000,более 2 000,более 30 000,более 20 000,более 10 000,более 1 000,около 5 000,около 50 000,,более 1 000 000,около 10 000,более 100 000,около 100 000,более 200 000,около 1 000 000,более 2 000 000,более 300 000,около 500 000,более 3 000 000,около 5 000 000 +
   1180.1062 * VISITORS_COUNT=около 3 000,около 1 000,более 3 000,более 2 000,более 30 000,более 20 000,более 10 000,более 1 000,около 5 000,около 50 000,,более 1 000 000,около 10 000,более 100 000,около 100 000,более 200 000,около 1 000 000,более 2 000 000,более 300 000,около 500 000,более 3 000 000,около 5 000 000 +
    658.2709 * VISITORS_COUNT=около 1 000,более 3 000,более 2 000,более 30 000,более 20 000,более 10 000,более 1 000,около 5 000,около 50 000,,более 1 000 000,около 10 000,более 100 000,около 100 000,более 200 000,около 1 000 000,более 2 000 000,более 300 000,около 500 000,более 3 000 000,около 5 000 000 +
   -218.2157 * VISITORS_COUNT=более 3 000,более 2 000,более 30 000,более 20 000,более 10 000,более 1 000,около 5 000,около 50 000,,более 1 000 000,около 10 000,более 100 000,около 100 000,более 200 000,около 1 000 000,более 2 000 000,более 300 000,около 500 000,более 3 000 000,около 5 000 000 +
     87.5402 * VISITORS_COUNT=более 2 000,более 30 000,более 20 000,более 10 000,более 1 000,около 5 000,около 50 000,,более 1 000 000,около 10 000,более 100 000,около 100 000,более 200 000,около 1 000 000,более 2 000 000,более 300 000,около 500 000,более 3 000 000,около 5 000 000 +
    -72.0808 * VISITORS_COUNT=более 30 000,более 20 000,более 10 000,более 1 000,около 5 000,около 50 000,,более 1 000 000,около 10 000,более 100 000,около 100 000,более 200 000,около 1 000 000,более 2 000 000,более 300 000,около 500 000,более 3 000 000,около 5 000 000 +
   -149.9717 * VISITORS_COUNT=более 20 000,более 10 000,более 1 000,около 5 000,около 50 000,,более 1 000 000,около 10 000,более 100 000,около 100 000,более 200 000,около 1 000 000,более 2 000 000,более 300 000,около 500 000,более 3 000 000,около 5 000 000 +
   -126.1435 * VISITORS_COUNT=более 10 000,более 1 000,около 5 000,около 50 000,,более 1 000 000,около 10 000,более 100 000,около 100 000,более 200 000,около 1 000 000,более 2 000 000,более 300 000,около 500 000,более 3 000 000,около 5 000 000 +
    404.4366 * VISITORS_COUNT=более 1 000,около 5 000,около 50 000,,более 1 000 000,около 10 000,более 100 000,около 100 000,более 200 000,около 1 000 000,более 2 000 000,более 300 000,около 500 000,более 3 000 000,около 5 000 000 +
   -128.4035 * VISITORS_COUNT=около 5 000,около 50 000,,более 1 000 000,около 10 000,более 100 000,около 100 000,более 200 000,около 1 000 000,более 2 000 000,более 300 000,около 500 000,более 3 000 000,около 5 000 000 +
   -165.7815 * VISITORS_COUNT=около 50 000,,более 1 000 000,около 10 000,более 100 000,около 100 000,более 200 000,около 1 000 000,более 2 000 000,более 300 000,около 500 000,более 3 000 000,около 5 000 000 +
   -317.5781 * VISITORS_COUNT=,более 1 000 000,около 10 000,более 100 000,около 100 000,более 200 000,около 1 000 000,более 2 000 000,более 300 000,около 500 000,более 3 000 000,около 5 000 000 +
   -319.0224 * VISITORS_COUNT=более 1 000 000,около 10 000,более 100 000,около 100 000,более 200 000,около 1 000 000,более 2 000 000,более 300 000,около 500 000,более 3 000 000,около 5 000 000 +
   1084.733  * VISITORS_COUNT=около 10 000,более 100 000,около 100 000,более 200 000,около 1 000 000,более 2 000 000,более 300 000,около 500 000,более 3 000 000,около 5 000 000 +
   -656.0607 * VISITORS_COUNT=более 100 000,около 100 000,более 200 000,около 1 000 000,более 2 000 000,более 300 000,около 500 000,более 3 000 000,около 5 000 000 +
