
Linear Regression Model

PRICE =

      0.3126 * WEALTH_INDEX +
     -7.3277 * EDUCATION_INDEX +
      0.0768 * AVERAGE_SALARY +
    105.3094 * MARKET_INDEX=D,C,B,A,AA,AAA +
     44.6738 * MARKET_INDEX=C,B,A,AA,AAA +
    -38.376  * MARKET_INDEX=B,A,AA,AAA +
    -41.4044 * MARKET_INDEX=A,AA,AAA +
   -178.0846 * MARKET_INDEX=AA,AAA +
    -89.7821 * MARKET_INDEX=AAA +
     -0.0002 * MARKET_VOLUME +
      3.2882 * LOCAL_PERCENT +
      0.8436 * LOCAL_PRICE +
    -28.3284 * LOCAL_QUALITY +
   -127.5464 * SHOP_SIZE=500,10000,3,2,5,4,1,1000,100000 +
     47.6524 * SHOP_SIZE=10000,3,2,5,4,1,1000,100000 +
    175.8409 * SHOP_SIZE=100000 +
     35.485  * TOWN_DISTRICT=Окраина,Спальный район,Центр города,,Фешенебельный район +
    -34.1088 * TOWN_DISTRICT=Центр города,,Фешенебельный район +
    115.8723 * TOWN_DISTRICT=,Фешенебельный район +
    115.6207 * TOWN_DISTRICT=Фешенебельный район +
    -46.6794 * DEPARTMENT_COUNT=9,5,2,8,3,4,1 +
    170.0133 * DEPARTMENT_COUNT=5,2,8,3,4,1 +
    -20.0013 * DEPARTMENT_COUNT=2,8,3,4,1 +
    -98.1374 * DEPARTMENT_COUNT=8,3,4,1 +
    119.7514 * DEPARTMENT_COUNT=3,4,1 +
     43.0534 * DEPARTMENT_COUNT=4,1 +
     32.43   * DEPARTMENT_COUNT=1 +
    -10.1895 * BRAND +
     28.3463 * QUALITY +
      0.5628 * NOTORIETY +
    206.1971 * VISITORS_COUNT=около 100,около 50,более 100,около 200,около 30 000,более 200,более 300,около 3 000,около 500,около 300,около 2 000,более 30 000,более 10 000,более 3 000,около 5 000,более 20 000,около 10 000,более 2 000,около 1 000,более 2 000 000,более 1 000,,около 50 000,более 300 000,около 500 000,более 200 000,более 1 000 000,около 5 000 000,около 1 000 000,более 100 000,более 3 000 000,около 100 000 +
    -45.6611 * VISITORS_COUNT=около 50,более 100,около 200,около 30 000,более 200,более 300,около 3 000,около 500,около 300,около 2 000,более 30 000,более 10 000,более 3 000,около 5 000,более 20 000,около 10 000,более 2 000,около 1 000,более 2 000 000,более 1 000,,около 50 000,более 300 000,около 500 000,более 200 000,более 1 000 000,около 5 000 000,около 1 000 000,более 100 000,более 3 000 000,около 100 000 +
     52.8955 * VISITORS_COUNT=более 100,около 200,около 30 000,более 200,более 300,около 3 000,около 500,около 300,около 2 000,более 30 000,более 10 000,более 3 000,около 5 000,более 20 000,около 10 000,более 2 000,около 1 000,более 2 000 000,более 1 000,,около 50 000,более 300 000,около 500 000,более 200 000,более 1 000 000,около 5 000 000,около 1 000 000,более 100 000,более 3 000 000,около 100 000 +
     43.5201 * VISITORS_COUNT=около 30 000,более 200,более 300,около 3 000,около 500,около 300,около 2 000,более 30 000,более 10 000,более 3 000,около 5 000,более 20 000,около 10 000,более 2 000,около 1 000,более 2 000 000,более 1 000,,около 50 000,более 300 000,около 500 000,более 200 000,более 1 000 000,около 5 000 000,около 1 000 000,более 100 000,более 3 000 000,около 100 000 +
    -14.2607 * VISITORS_COUNT=более 200,более 300,около 3 000,около 500,около 300,около 2 000,более 30 000,более 10 000,более 3 000,около 5 000,более 20 000,около 10 000,более 2 000,около 1 000,более 2 000 000,более 1 000,,около 50 000,более 300 000,около 500 000,более 200 000,более 1 000 000,около 5 000 000,около 1 000 000,более 100 000,более 3 000 000,около 100 000 +
     35.6247 * VISITORS_COUNT=более 300,около 3 000,около 500,около 300,около 2 000,более 30 000,более 10 000,более 3 000,около 5 000,более 20 000,около 10 000,более 2 000,около 1 000,более 2 000 000,более 1 000,,около 50 000,более 300 000,около 500 000,более 200 000,более 1 000 000,около 5 000 000,около 1 000 000,более 100 000,более 3 000 000,около 100 000 +
   -290.4712 * VISITORS_COUNT=около 3 000,около 500,около 300,около 2 000,более 30 000,более 10 000,более 3 000,около 5 000,более 20 000,около 10 000,более 2 000,около 1 000,более 2 000 000,более 1 000,,около 50 000,более 300 000,около 500 000,более 200 000,более 1 000 000,около 5 000 000,около 1 000 000,более 100 000,более 3 000 000,около 100 000 +
    265.475  * VISITORS_COUNT=около 500,около 300,около 2 000,более 30 000,более 10 000,более 3 000,около 5 000,более 20 000,около 10 000,более 2 000,около 1 000,более 2 000 000,более 1 000,,около 50 000,более 300 000,около 500 000,более 200 000,более 1 000 000,около 5 000 000,около 1 000 000,более 100 000,более 3 000 000,около 100 000 +
     10.4311 * VISITORS_COUNT=около 300,около 2 000,более 30 000,более 10 000,более 3 000,около 5 000,более 20 000,около 10 000,более 2 000,около 1 000,более 2 000 000,более 1 000,,около 50 000,более 300 000,около 500 000,более 200 000,более 1 000 000,около 5 000 000,около 1 000 000,более 100 000,более 3 000 000,около 100 000 +
    -85.7928 * VISITORS_COUNT=около 2 000,более 30 000,более 10 000,более 3 000,около 5 000,более 20 000,около 10 000,более 2 000,около 1 000,более 2 000 000,более 1 000,,около 50 000,более 300 000,около 500 000,более 200 000,более 1 000 000,около 5 000 000,около 1 000 000,более 100 000,более 3 000 000,около 100 000 +
    -38.8351 * VISITORS_COUNT=более 30 000,более 10 000,более 3 000,около 5 000,более 20 000,около 10 000,более 2 000,около 1 000,более 2 000 000,более 1 000,,около 50 000,более 300 000,около 500 000,более 200 000,более 1 000 000,около 5 000 000,около 1 000 000,более 100 000,более 3 000 000,около 100 000 +
     28.1989 * VISITORS_COUNT=более 10 000,более 3 000,около 5 000,более 20 000,около 10 000,более 2 000,около 1 000,более 2 000 000,более 1 000,,около 50 000,более 300 000,около 500 000,более 200 000,более 1 000 000,около 5 000 000,около 1 000 000,более 100 000,более 3 000 000,около 100 000 +
     29.0916 * VISITORS_COUNT=около 5 000,более 20 000,около 10 000,более 2 000,около 1 000,более 2 000 000,более 1 000,,около 50 000,более 300 000,около 500 000,более 200 000,более 1 000 000,около 5 000 000,около 1 000 000,более 100 000,более 3 000 000,около 100 000 +
     25.9872 * VISITORS_COUNT=около 10 000,более 2 000,около 1 000,более 2 000 000,более 1 000,,около 50 000,более 300 000,около 500 000,более 200 000,более 1 000 000,около 5 000 000,около 1 000 000,более 100 000,более 3 000 000,около 100 000 +
     14.5549 * VISITORS_COUNT=более 2 000,около 1 000,более 2 000 000,более 1 000,,около 50 000,более 300 000,около 500 000,более 200 000,более 1 000 000,около 5 000 000,около 1 000 000,более 100 000,более 3 000 000,около 100 000 +
     54.6403 * VISITORS_COUNT=около 1 000,более 2 000 000,более 1 000,,около 50 000,более 300 000,около 500 000,более 200 000,более 1 000 000,около 5 000 000,около 1 000 000,более 100 000,более 3 000 000,около 100 000 +
    -20.7785 * VISITORS_COUNT=более 2 000 000,более 1 000,,около 50 000,более 300 000,около 500 000,более 200 000,более 1 000 000,около 5 000 000,около 1 000 000,более 100 000,более 3 000 000,около 100 000 +
     19.3617 * VISITORS_COUNT=более 1 000,,около 50 000,более 300 000,около 500 000,более 200 000,более 1 000 000,около 5 000 000,около 1 000 000,более 100 000,более 3 000 000,около 100 000 +
    -38.0053 * VISITORS_COUNT=,около 50 000,более 300 000,около 500 000,более 200 000,более 1 000 000,около 5 000 000,около 1 000 000,более 100 000,более 3 000 000,около 100 000 +
    -38.1564 * VISITORS_COUNT=около 50 000,более 300 000,около 500 000,более 200 000,более 1 000 000,около 5 000 000,около 1 000 000,более 100 000,более 3 000 000,около 100 000 +
     79.2689 * VISITORS_COUNT=более 300 000,около 500 000,более 200 000,более 1 000 000,около 5 000 000,около 1 000 000,более 100 000,более 3 000 000,около 100 000 +
     32.3042 * VISITORS_COUNT=около 500 000,более 200 000,более 1 000 000,около 5 000 000,около 1 000 000,более 100 000,более 3 000 000,около 100 000 +
    -52.8532 * VISITORS_COUNT=более 200 000,более 1 000 000,около 5 000 000,около 1 000 000,более 100 000,более 3 000 000,около 100 000 +
    136.1167 * VISITORS_COUNT=более 1 000 000,около 5 000 000,около 1 000 000,более 100 000,более 3 000 000,около 100 000 +
   -273.9621 * VISITORS_COUNT=около 5 000 000,около 1 000 000,более 100 000,более 3 000 000,около 100 000 +
