
Linear Regression Model

PRICE =

      0.8561 * LOCAL_PRICE +
   4636.6214 * SHOP_SIZE=100000 +
   8015.8858 * DEPARTMENT_COUNT=7,4 +
  -9171.085  * DEPARTMENT_COUNT=4 +
  -4742.5789 * VISITORS_COUNT=около 2 000,около 500,около 1 000,около 50 000,более 3 000,около 500 000 +
   6913.1156 * VISITORS_COUNT=около 1 000,около 50 000,более 3 000,около 500 000 +
   5787.9902 * VISITORS_COUNT=около 50 000,более 3 000,около 500 000 +
  18553.4403 * VISITORS_COUNT=около 500 000 +
   1666.1632 * SERVICE_LEVEL=Очень высокий,Высокий +
  -1785.7424 * SELLER_COUNT=65,11,68,67,64,66,50,62,57,56,55,63,58,60,59,61,69,70,77,72,91,92,88,93,99,96,94,85,84,83,73,74,75,54,79,71,81,80,53,49,51,18,19,20,21,23,17,25,24,16,15,14,6,4,2,26,7,9,8,13,12,52,27,29,43,45,46,47,48,42,100,97,41,40,39,32,31,30,28,33,35,34,38,36,98,0,101,95 +
   2403.1344 * SELLER_COUNT=11,68,67,64,66,50,62,57,56,55,63,58,60,59,61,69,70,77,72,91,92,88,93,99,96,94,85,84,83,73,74,75,54,79,71,81,80,53,49,51,18,19,20,21,23,17,25,24,16,15,14,6,4,2,26,7,9,8,13,12,52,27,29,43,45,46,47,48,42,100,97,41,40,39,32,31,30,28,33,35,34,38,36,98,0,101,95 +
   2087.0641 * SELLER_COUNT=68,67,64,66,50,62,57,56,55,63,58,60,59,61,69,70,77,72,91,92,88,93,99,96,94,85,84,83,73,74,75,54,79,71,81,80,53,49,51,18,19,20,21,23,17,25,24,16,15,14,6,4,2,26,7,9,8,13,12,52,27,29,43,45,46,47,48,42,100,97,41,40,39,32,31,30,28,33,35,34,38,36,98,0,101,95 +
   2087.0755 * SELLER_COUNT=67,64,66,50,62,57,56,55,63,58,60,59,61,69,70,77,72,91,92,88,93,99,96,94,85,84,83,73,74,75,54,79,71,81,80,53,49,51,18,19,20,21,23,17,25,24,16,15,14,6,4,2,26,7,9,8,13,12,52,27,29,43,45,46,47,48,42,100,97,41,40,39,32,31,30,28,33,35,34,38,36,98,0,101,95 +
   2087.0962 * SELLER_COUNT=64,66,50,62,57,56,55,63,58,60,59,61,69,70,77,72,91,92,88,93,99,96,94,85,84,83,73,74,75,54,79,71,81,80,53,49,51,18,19,20,21,23,17,25,24,16,15,14,6,4,2,26,7,9,8,13,12,52,27,29,43,45,46,47,48,42,100,97,41,40,39,32,31,30,28,33,35,34,38,36,98,0,101,95 +
   2087.0518 * SELLER_COUNT=66,50,62,57,56,55,63,58,60,59,61,69,70,77,72,91,92,88,93,99,96,94,85,84,83,73,74,75,54,79,71,81,80,53,49,51,18,19,20,21,23,17,25,24,16,15,14,6,4,2,26,7,9,8,13,12,52,27,29,43,45,46,47,48,42,100,97,41,40,39,32,31,30,28,33,35,34,38,36,98,0,101,95 +
   2087.0256 * SELLER_COUNT=50,62,57,56,55,63,58,60,59,61,69,70,77,72,91,92,88,93,99,96,94,85,84,83,73,74,75,54,79,71,81,80,53,49,51,18,19,20,21,23,17,25,24,16,15,14,6,4,2,26,7,9,8,13,12,52,27,29,43,45,46,47,48,42,100,97,41,40,39,32,31,30,28,33,35,34,38,36,98,0,101,95 +
   2086.9993 * SELLER_COUNT=62,57,56,55,63,58,60,59,61,69,70,77,72,91,92,88,93,99,96,94,85,84,83,73,74,75,54,79,71,81,80,53,49,51,18,19,20,21,23,17,25,24,16,15,14,6,4,2,26,7,9,8,13,12,52,27,29,43,45,46,47,48,42,100,97,41,40,39,32,31,30,28,33,35,34,38,36,98,0,101,95 +
   2086.9941 * SELLER_COUNT=8,13,12,52,27,29,43,45,46,47,48,42,100,97,41,40,39,32,31,30,28,33,35,34,38,36,98,0,101,95 +
   2087.0203 * SELLER_COUNT=13,12,52,27,29,43,45,46,47,48,42,100,97,41,40,39,32,31,30,28,33,35,34,38,36,98,0,101,95 +
   2087.048  * SELLER_COUNT=12,52,27,29,43,45,46,47,48,42,100,97,41,40,39,32,31,30,28,33,35,34,38,36,98,0,101,95 +
  -9200.1033 * SELLER_COUNT=101,95 +
   5199.9724 * SELLER_COUNT=95 +
    -90.5227