
Linear Regression Model

PRICE =

    122.5677 * WEALTH_INDEX +
  -1368.1299 * EDUCATION_INDEX +
      9.0472 * AVERAGE_SALARY +
   9105.2526 * MARKET_INDEX=B,C,A,AA,AAA +
  -7541.9167 * MARKET_INDEX=C,A,AA,AAA +
   6399.5868 * MARKET_INDEX=A,AA,AAA +
  -6983.164  * MARKET_INDEX=AA,AAA +
   6121.4455 * MARKET_INDEX=AAA +
     -0.0151 * MARKET_VOLUME +
    136.5104 * LOCAL_PERCENT +
      1.8301 * LOCAL_PRICE +
  -1002.1203 * LOCAL_QUALITY +
  -4512.3049 * SHOP_SIZE=500,10000,1000,3,2,5,4,1,100000 +
 -15050.1588 * SHOP_SIZE=10000,1000,3,2,5,4,1,100000 +
  10738.4257 * SHOP_SIZE=1000,3,2,5,4,1,100000 +
  -2584.0419 * SHOP_SIZE=3,2,5,4,1,100000 +
  -2542.7338 * SHOP_SIZE=2,5,4,1,100000 +
  -2534.7367 * SHOP_SIZE=5,4,1,100000 +
  -2520.572  * SHOP_SIZE=4,1,100000 +
  -2500.2578 * SHOP_SIZE=1,100000 +
  -2478.8517 * SHOP_SIZE=100000 +
  -3668.3641 * TOWN_DISTRICT=Окраина,Спальный район,Центр города,,Фешенебельный район +
   2357.514  * TOWN_DISTRICT=Спальный район,Центр города,,Фешенебельный район +
   6580.7462 * TOWN_DISTRICT=,Фешенебельный район +
   6575.1529 * TOWN_DISTRICT=Фешенебельный район +
  -6717.424  * DEPARTMENT_COUNT=6,5,8,7,4,3,2,1 +
  -5301.2754 * DEPARTMENT_COUNT=5,8,7,4,3,2,1 +
   4733.761  * DEPARTMENT_COUNT=8,7,4,3,2,1 +
   4249.4836 * DEPARTMENT_COUNT=7,4,3,2,1 +
  -4408.9068 * DEPARTMENT_COUNT=4,3,2,1 +
   8755.7976 * DEPARTMENT_COUNT=3,2,1 +
  -7709.1137 * DEPARTMENT_COUNT=1 +
   5213.7852 * BRAND +
    759.8416 * QUALITY +
    -16.8957 * NOTORIETY +
  67378.2352 * VISITORS_COUNT=около 200 000,менее 50,более 300,около 100,более 200,около 500,около 200,более 100,более 2 000,около 2 000,более 1 000,более 2 000 000,около 1 000,более 3 000,более 10 000,более 20 000,около 5 000,,около 10 000,более 1 000 000,более 30 000,более 100 000,около 50 000,более 300 000,около 1 000 000,более 200 000,более 3 000 000,около 500 000,около 30 000,около 100 000,около 20 000,около 5 000 000 +
 -79452.1076 * VISITORS_COUNT=менее 50,более 300,около 100,более 200,около 500,около 200,более 100,более 2 000,около 2 000,более 1 000,более 2 000 000,около 1 000,более 3 000,более 10 000,более 20 000,около 5 000,,около 10 000,более 1 000 000,более 30 000,более 100 000,около 50 000,более 300 000,около 1 000 000,более 200 000,более 3 000 000,около 500 000,около 30 000,около 100 000,около 20 000,около 5 000 000 +
  25771.454  * VISITORS_COUNT=более 300,около 100,более 200,около 500,около 200,более 100,более 2 000,около 2 000,более 1 000,более 2 000 000,около 1 000,более 3 000,более 10 000,более 20 000,около 5 000,,около 10 000,более 1 000 000,более 30 000,более 100 000,около 50 000,более 300 000,около 1 000 000,более 200 000,более 3 000 000,около 500 000,около 30 000,около 100 000,около 20 000,около 5 000 000 +
  -4249.6114 * VISITORS_COUNT=около 100,более 200,около 500,около 200,более 100,более 2 000,около 2 000,более 1 000,более 2 000 000,около 1 000,более 3 000,более 10 000,более 20 000,около 5 000,,около 10 000,более 1 000 000,более 30 000,более 100 000,около 50 000,более 300 000,около 1 000 000,более 200 000,более 3 000 000,около 500 000,около 30 000,около 100 000,около 20 000,около 5 000 000 +
   4821.6265 * VISITORS_COUNT=более 200,около 500,около 200,более 100,более 2 000,около 2 000,более 1 000,более 2 000 000,около 1 000,более 3 000,более 10 000,более 20 000,около 5 000,,около 10 000,более 1 000 000,более 30 000,более 100 000,около 50 000,более 300 000,около 1 000 000,более 200 000,более 3 000 000,около 500 000,около 30 000,около 100 000,около 20 000,около 5 000 000 +
   6368.0562 * VISITORS_COUNT=около 500,около 200,более 100,более 2 000,около 2 000,более 1 000,более 2 000 000,около 1 000,более 3 000,более 10 000,более 20 000,около 5 000,,около 10 000,более 1 000 000,более 30 000,более 100 000,около 50 000,более 300 000,около 1 000 000,более 200 000,более 3 000 000,около 500 000,около 30 000,около 100 000,около 20 000,около 5 000 000 +
   1519.1373 * VISITORS_COUNT=около 200,более 100,более 2 000,около 2 000,более 1 000,более 2 000 000,около 1 000,более 3 000,более 10 000,более 20 000,около 5 000,,около 10 000,более 1 000 000,более 30 000,более 100 000,около 50 000,более 300 000,около 1 000 000,более 200 000,более 3 000 000,около 500 000,около 30 000,около 100 000,около 20 000,около 5 000 000 +
  -4987.3145 * VISITORS_COUNT=более 100,более 2 000,около 2 000,более 1 000,более 2 000 000,около 1 000,более 3 000,более 10 000,более 20 000,около 5 000,,около 10 000,более 1 000 000,более 30 000,более 100 000,около 50 000,более 300 000,около 1 000 000,более 200 000,более 3 000 000,около 500 000,около 30 000,около 100 000,около 20 000,около 5 000 000 +
  16657.0053 * VISITORS_COUNT=более 2 000,около 2 000,более 1 000,более 2 000 000,около 1 000,более 3 000,более 10 000,более 20 000,около 5 000,,около 10 000,более 1 000 000,более 30 000,более 100 000,около 50 000,более 300 000,около 1 000 000,более 200 000,более 3 000 000,около 500 000,около 30 000,около 100 000,около 20 000,около 5 000 000 +
  -4900.3796 * VISITORS_COUNT=около 2 000,более 1 000,более 2 000 000,около 1 000,более 3 000,более 10 000,более 20 000,около 5 000,,около 10 000,более 1 000 000,более 30 000,более 100 000,около 50 000,более 300 000,около 1 000 000,более 200 000,более 3 000 000,около 500 000,около 30 000,около 100 000,около 20 000,около 5 000 000 +
  -1104.8102 * VISITORS_COUNT=более 1 000,более 2 000 000,около 1 000,более 3 000,более 10 000,более 20 000,около 5 000,,около 10 000,более 1 000 000,более 30 000,более 100 000,около 50 000,более 300 000,около 1 000 000,более 200 000,более 3 000 000,около 500 000,около 30 000,около 100 000,около 20 000,около 5 000 000 +
  51031.6794 * VISITORS_COUNT=более 2 000 000,около 1 000,более 3 000,более 10 000,более 20 000,около 5 000,,около 10 000,более 1 000 000,более 30 000,более 100 000,около 50 000,более 300 000,около 1 000 000,более 200 000,более 3 000 000,около 500 000,около 30 000,около 100 000,около 20 000,около 5 000 000 +
 -49565.0495 * VISITORS_COUNT=около 1 000,более 3 000,более 10 000,более 20 000,около 5 000,,около 10 000,более 1 000 000,более 30 000,более 100 000,около 50 000,более 300 000,около 1 000 000,более 200 000,более 3 000 000,около 500 000,около 30 000,около 100 000,около 20 000,около 5 000 000 +
   7732.7162 * VISITORS_COUNT=более 3 000,более 10 000,более 20 000,около 5 000,,около 10 000,более 1 000 000,более 30 000,более 100 000,около 50 000,более 300 000,около 1 000 000,более 200 000,более 3 000 000,около 500 000,около 30 000,около 100 000,около 20 000,около 5 000 000 +
  16244.6252 * VISITORS_COUNT=более 10 000,более 20 000,около 5 000,,около 10 000,более 1 000 000,более 30 000,более 100 000,около 50 000,более 300 000,около 1 000 000,более 200 000,более 3 000 000,около 500 000,около 30 000,около 100 000,около 20 000,около 5 000 000 +
   1722.0769 * VISITORS_COUNT=более 20 000,около 5 000,,около 10 000,более 1 000 000,более 30 000,более 100 000,около 50 000,более 300 000,около 1 000 000,более 200 000,более 3 000 000,около 500 000,около 30 000,около 100 000,около 20 000,около 5 000 000 +
 -12866.0722 * VISITORS_COUNT=около 5 000,,около 10 000,более 1 000 000,более 30 000,более 100 000,около 50 000,более 300 000,около 1 000 000,более 200 000,более 3 000 000,около 500 000,около 30 000,около 100 000,около 20 000,около 5 000 000 +
   3200.4202 * VISITORS_COUNT=,около 10 000,более 1 000 000,более 30 000,более 100 000,около 50 000,более 300 000,около 1 000 000,более 200 000,более 3 000 000,около 500 000,около 30 000,около 100 000,около 20 000,около 5 000 000 +
   3197.5692 * VISITORS_COUNT=около 10 000,более 1 000 000,более 30 000,более 100 000,около 50 000,более 300 000,около 1 000 000,более 200 000,более 3 000 000,около 500 000,около 30 000,около 100 000,около 20 000,около 5 000 000 +
  32669.3478 * VISITORS_COUNT=более 1 000 000,более 30 000,более 100 000,около 50 000,более 300 000,около 1 000 000,более 200 000,более 3 000 000,около 500 000,около 30 000,около 100 000,около 20 000,около 5 000 000 +
