
Linear Regression Model

PRICE =

     -4.6446 * WEALTH_INDEX +
    -11.1242 * EDUCATION_INDEX +
      0.3125 * AVERAGE_SALARY +
   -387.6167 * MARKET_INDEX=,AAA,C,AA,B,D,A +
   -386.9124 * MARKET_INDEX=AAA,C,AA,B,D,A +
   1559.1342 * MARKET_INDEX=C,AA,B,D,A +
   -459.7022 * MARKET_INDEX=AA,B,D,A +
    422.4429 * MARKET_INDEX=B,D,A +
   -567.5601 * MARKET_INDEX=D,A +
   -245.3371 * MARKET_INDEX=A +
      0.0001 * MARKET_VOLUME +
     10.6314 * LOCAL_PERCENT +
      2.0959 * LOCAL_PRICE +
   -100.6149 * LOCAL_QUALITY +
    397.8515 * SHOP_SIZE=1000,10000,3,2,5,4,1,100000 +
    -50.8963 * SHOP_SIZE=10000,3,2,5,4,1,100000 +
    -37.7682 * SHOP_SIZE=3,2,5,4,1,100000 +
    -37.5429 * SHOP_SIZE=2,5,4,1,100000 +
    -37.5631 * SHOP_SIZE=5,4,1,100000 +
    -37.9022 * SHOP_SIZE=4,1,100000 +
    -37.6114 * SHOP_SIZE=1,100000 +
    -37.7867 * SHOP_SIZE=100000 +
    159.7164 * TOWN_DISTRICT=Спальный район,Окраина,Центр города,,Фешенебельный район +
    -89.0209 * TOWN_DISTRICT=Окраина,Центр города,,Фешенебельный район +
    162.1402 * TOWN_DISTRICT=Центр города,,Фешенебельный район +
    186.8738 * TOWN_DISTRICT=,Фешенебельный район +
    186.7994 * TOWN_DISTRICT=Фешенебельный район +
     27.9027 * DEPARTMENT_COUNT=7,10,5,4,2,8,9,1 +
    384.6512 * DEPARTMENT_COUNT=10,5,4,2,8,9,1 +
   -308.5051 * DEPARTMENT_COUNT=5,4,2,8,9,1 +
   -139.1924 * DEPARTMENT_COUNT=4,2,8,9,1 +
     77.1263 * DEPARTMENT_COUNT=2,8,9,1 +
    363.5439 * DEPARTMENT_COUNT=8,9,1 +
    245.7076 * DEPARTMENT_COUNT=9,1 +
   -224.5159 * DEPARTMENT_COUNT=1 +
     67.0728 * BRAND +
     39.9783 * QUALITY +
      1.447  * NOTORIETY +
    714.7306 * VISITORS_COUNT=около 100,около 50,около 30 000,около 2 000,около 200,более 100,более 300,более 200,около 500,более 30 000,около 1 000,около 10 000,около 5 000,более 3 000,около 300,более 2 000,около 3 000,более 1 000,более 20 000,около 50 000,,более 3 000 000,около 100 000,более 10 000,более 2 000 000,более 100 000,около 1 000 000,более 200 000,около 500 000,более 1 000 000,более 300 000,около 5 000 000,около 300 000 +
   -130.1889 * VISITORS_COUNT=около 50,около 30 000,около 2 000,около 200,более 100,более 300,более 200,около 500,более 30 000,около 1 000,около 10 000,около 5 000,более 3 000,около 300,более 2 000,около 3 000,более 1 000,более 20 000,около 50 000,,более 3 000 000,около 100 000,более 10 000,более 2 000 000,более 100 000,около 1 000 000,более 200 000,около 500 000,более 1 000 000,более 300 000,около 5 000 000,около 300 000 +
  -2223.0837 * VISITORS_COUNT=около 30 000,около 2 000,около 200,более 100,более 300,более 200,около 500,более 30 000,около 1 000,около 10 000,около 5 000,более 3 000,около 300,более 2 000,около 3 000,более 1 000,более 20 000,около 50 000,,более 3 000 000,около 100 000,более 10 000,более 2 000 000,более 100 000,около 1 000 000,более 200 000,около 500 000,более 1 000 000,более 300 000,около 5 000 000,около 300 000 +
   1806.4621 * VISITORS_COUNT=около 2 000,около 200,более 100,более 300,более 200,около 500,более 30 000,около 1 000,около 10 000,около 5 000,более 3 000,около 300,более 2 000,около 3 000,более 1 000,более 20 000,около 50 000,,более 3 000 000,около 100 000,более 10 000,более 2 000 000,более 100 000,около 1 000 000,более 200 000,около 500 000,более 1 000 000,более 300 000,около 5 000 000,около 300 000 +
    -64.0645 * VISITORS_COUNT=около 200,более 100,более 300,более 200,около 500,более 30 000,около 1 000,около 10 000,около 5 000,более 3 000,около 300,более 2 000,около 3 000,более 1 000,более 20 000,около 50 000,,более 3 000 000,около 100 000,более 10 000,более 2 000 000,более 100 000,около 1 000 000,более 200 000,около 500 000,более 1 000 000,более 300 000,около 5 000 000,около 300 000 +
    340.6601 * VISITORS_COUNT=более 100,более 300,более 200,около 500,более 30 000,около 1 000,около 10 000,около 5 000,более 3 000,около 300,более 2 000,около 3 000,более 1 000,более 20 000,около 50 000,,более 3 000 000,около 100 000,более 10 000,более 2 000 000,более 100 000,около 1 000 000,более 200 000,около 500 000,более 1 000 000,более 300 000,около 5 000 000,около 300 000 +
   -376.4299 * VISITORS_COUNT=более 300,более 200,около 500,более 30 000,около 1 000,около 10 000,около 5 000,более 3 000,около 300,более 2 000,около 3 000,более 1 000,более 20 000,около 50 000,,более 3 000 000,около 100 000,более 10 000,более 2 000 000,более 100 000,около 1 000 000,более 200 000,около 500 000,более 1 000 000,более 300 000,около 5 000 000,около 300 000 +
    127.1986 * VISITORS_COUNT=более 200,около 500,более 30 000,около 1 000,около 10 000,около 5 000,более 3 000,около 300,более 2 000,около 3 000,более 1 000,более 20 000,около 50 000,,более 3 000 000,около 100 000,более 10 000,более 2 000 000,более 100 000,около 1 000 000,более 200 000,около 500 000,более 1 000 000,более 300 000,около 5 000 000,около 300 000 +
   -208.4338 * VISITORS_COUNT=около 500,более 30 000,около 1 000,около 10 000,около 5 000,более 3 000,около 300,более 2 000,около 3 000,более 1 000,более 20 000,около 50 000,,более 3 000 000,около 100 000,более 10 000,более 2 000 000,более 100 000,около 1 000 000,более 200 000,около 500 000,более 1 000 000,более 300 000,около 5 000 000,около 300 000 +
    156.2706 * VISITORS_COUNT=более 30 000,около 1 000,около 10 000,около 5 000,более 3 000,около 300,более 2 000,около 3 000,более 1 000,более 20 000,около 50 000,,более 3 000 000,около 100 000,более 10 000,более 2 000 000,более 100 000,около 1 000 000,более 200 000,около 500 000,более 1 000 000,более 300 000,около 5 000 000,около 300 000 +
   -254.9635 * VISITORS_COUNT=около 1 000,около 10 000,около 5 000,более 3 000,около 300,более 2 000,около 3 000,более 1 000,более 20 000,около 50 000,,более 3 000 000,около 100 000,более 10 000,более 2 000 000,более 100 000,около 1 000 000,более 200 000,около 500 000,более 1 000 000,более 300 000,около 5 000 000,около 300 000 +
    337.5914 * VISITORS_COUNT=около 10 000,около 5 000,более 3 000,около 300,более 2 000,около 3 000,более 1 000,более 20 000,около 50 000,,более 3 000 000,около 100 000,более 10 000,более 2 000 000,более 100 000,около 1 000 000,более 200 000,около 500 000,более 1 000 000,более 300 000,около 5 000 000,около 300 000 +
    -29.2188 * VISITORS_COUNT=около 5 000,более 3 000,около 300,более 2 000,около 3 000,более 1 000,более 20 000,около 50 000,,более 3 000 000,около 100 000,более 10 000,более 2 000 000,более 100 000,около 1 000 000,более 200 000,около 500 000,более 1 000 000,более 300 000,около 5 000 000,около 300 000 +
   -378.1681 * VISITORS_COUNT=около 300,более 2 000,около 3 000,более 1 000,более 20 000,около 50 000,,более 3 000 000,около 100 000,более 10 000,более 2 000 000,более 100 000,около 1 000 000,более 200 000,около 500 000,более 1 000 000,более 300 000,около 5 000 000,около 300 000 +
    385.974  * VISITORS_COUNT=более 2 000,около 3 000,более 1 000,более 20 000,около 50 000,,более 3 000 000,около 100 000,более 10 000,более 2 000 000,более 100 000,около 1 000 000,более 200 000,около 500 000,более 1 000 000,более 300 000,около 5 000 000,около 300 000 +
    205.2268 * VISITORS_COUNT=около 3 000,более 1 000,более 20 000,около 50 000,,более 3 000 000,около 100 000,более 10 000,более 2 000 000,более 100 000,около 1 000 000,более 200 000,около 500 000,более 1 000 000,более 300 000,около 5 000 000,около 300 000 +
   -285.247  * VISITORS_COUNT=более 1 000,более 20 000,около 50 000,,более 3 000 000,около 100 000,более 10 000,более 2 000 000,более 100 000,около 1 000 000,более 200 000,около 500 000,более 1 000 000,более 300 000,около 5 000 000,около 300 000 +
    108.1661 * VISITORS_COUNT=более 20 000,около 50 000,,более 3 000 000,около 100 000,более 10 000,более 2 000 000,более 100 000,около 1 000 000,более 200 000,около 500 000,более 1 000 000,более 300 000,около 5 000 000,около 300 000 +
   -177.5612 * VISITORS_COUNT=около 50 000,,более 3 000 000,около 100 000,более 10 000,более 2 000 000,более 100 000,около 1 000 000,более 200 000,около 500 000,более 1 000 000,более 300 000,около 5 000 000,около 300 000 +
