
Linear Regression Model

PRICE =

      5.3552 * WEALTH_INDEX +
    -57.1897 * EDUCATION_INDEX +
      0.6937 * AVERAGE_SALARY +
   1589.0263 * MARKET_INDEX=E,C,D,A,B,AA +
    207.4449 * MARKET_INDEX=C,D,A,B,AA +
   -123.2746 * MARKET_INDEX=D,A,B,AA +
    428.036  * MARKET_INDEX=A,B,AA +
      0.0008 * MARKET_VOLUME +
     16.6663 * LOCAL_PERCENT +
      1.2056 * LOCAL_PRICE +
    -83.3002 * LOCAL_QUALITY +
  -1609.4364 * SHOP_SIZE=500,10000,3,2,5,4,1,1000,100000 +
  -1558.0631 * SHOP_SIZE=10000,3,2,5,4,1,1000,100000 +
    171.4485 * SHOP_SIZE=3,2,5,4,1,1000,100000 +
    169.652  * SHOP_SIZE=2,5,4,1,1000,100000 +
    170.1794 * SHOP_SIZE=5,4,1,1000,100000 +
    169.5111 * SHOP_SIZE=4,1,1000,100000 +
    172.119  * SHOP_SIZE=1,1000,100000 +
    169.1476 * SHOP_SIZE=1000,100000 +
  -1248.254  * SHOP_SIZE=100000 +
    252.6655 * TOWN_DISTRICT=Пригород,Окраина,,Центр города,Фешенебельный район +
    -93.4001 * TOWN_DISTRICT=Окраина,,Центр города,Фешенебельный район +
   -113.1516 * TOWN_DISTRICT=,Центр города,Фешенебельный район +
   -112.5527 * TOWN_DISTRICT=Центр города,Фешенебельный район +
   1363.6067 * TOWN_DISTRICT=Фешенебельный район +
    303.6016 * DEPARTMENT_COUNT=4,9,3,5,7,1,10,2 +
   -412.2251 * DEPARTMENT_COUNT=9,3,5,7,1,10,2 +
    233.1036 * DEPARTMENT_COUNT=3,5,7,1,10,2 +
   -246.0927 * DEPARTMENT_COUNT=5,7,1,10,2 +
    715.9482 * DEPARTMENT_COUNT=7,1,10,2 +
   -265.8479 * DEPARTMENT_COUNT=1,10,2 +
    200.6972 * DEPARTMENT_COUNT=10,2 +
    757.1298 * DEPARTMENT_COUNT=2 +
    228.277  * BRAND +
     89.7758 * QUALITY +
      1.7055 * NOTORIETY +
  -1034.3905 * VISITORS_COUNT=менее 50,около 100,более 100,около 200,более 200,около 3 000,более 300,около 2 000,около 500,более 10 000,более 3 000,более 2 000,около 5 000,более 20 000,около 10 000,,около 20 000,около 1 000,более 30 000,более 1 000,около 300,около 30 000,более 200 000,около 50 000,более 100 000,около 1 000 000,более 2 000 000,около 100 000,более 1 000 000,более 3 000 000,около 500 000,более 300 000,около 5 000 000 +
   1212.2251 * VISITORS_COUNT=около 100,более 100,около 200,более 200,около 3 000,более 300,около 2 000,около 500,более 10 000,более 3 000,более 2 000,около 5 000,более 20 000,около 10 000,,около 20 000,около 1 000,более 30 000,более 1 000,около 300,около 30 000,более 200 000,около 50 000,более 100 000,около 1 000 000,более 2 000 000,около 100 000,более 1 000 000,более 3 000 000,около 500 000,более 300 000,около 5 000 000 +
    219.4154 * VISITORS_COUNT=более 100,около 200,более 200,около 3 000,более 300,около 2 000,около 500,более 10 000,более 3 000,более 2 000,около 5 000,более 20 000,около 10 000,,около 20 000,около 1 000,более 30 000,более 1 000,около 300,около 30 000,более 200 000,около 50 000,более 100 000,около 1 000 000,более 2 000 000,около 100 000,более 1 000 000,более 3 000 000,около 500 000,более 300 000,около 5 000 000 +
   -584.5061 * VISITORS_COUNT=около 200,более 200,около 3 000,более 300,около 2 000,около 500,более 10 000,более 3 000,более 2 000,около 5 000,более 20 000,около 10 000,,около 20 000,около 1 000,более 30 000,более 1 000,около 300,около 30 000,более 200 000,около 50 000,более 100 000,около 1 000 000,более 2 000 000,около 100 000,более 1 000 000,более 3 000 000,около 500 000,более 300 000,около 5 000 000 +
   1088.0536 * VISITORS_COUNT=более 200,около 3 000,более 300,около 2 000,около 500,более 10 000,более 3 000,более 2 000,около 5 000,более 20 000,около 10 000,,около 20 000,около 1 000,более 30 000,более 1 000,около 300,около 30 000,более 200 000,около 50 000,более 100 000,около 1 000 000,более 2 000 000,около 100 000,более 1 000 000,более 3 000 000,около 500 000,более 300 000,около 5 000 000 +
   1333.8455 * VISITORS_COUNT=около 3 000,более 300,около 2 000,около 500,более 10 000,более 3 000,более 2 000,около 5 000,более 20 000,около 10 000,,около 20 000,около 1 000,более 30 000,более 1 000,около 300,около 30 000,более 200 000,около 50 000,более 100 000,около 1 000 000,более 2 000 000,около 100 000,более 1 000 000,более 3 000 000,около 500 000,более 300 000,около 5 000 000 +
  -1384.3645 * VISITORS_COUNT=более 300,около 2 000,около 500,более 10 000,более 3 000,более 2 000,около 5 000,более 20 000,около 10 000,,около 20 000,около 1 000,более 30 000,более 1 000,около 300,около 30 000,более 200 000,около 50 000,более 100 000,около 1 000 000,более 2 000 000,около 100 000,более 1 000 000,более 3 000 000,около 500 000,более 300 000,около 5 000 000 +
   1199.1754 * VISITORS_COUNT=около 2 000,около 500,более 10 000,более 3 000,более 2 000,около 5 000,более 20 000,около 10 000,,около 20 000,около 1 000,более 30 000,более 1 000,около 300,около 30 000,более 200 000,около 50 000,более 100 000,около 1 000 000,более 2 000 000,около 100 000,более 1 000 000,более 3 000 000,около 500 000,более 300 000,около 5 000 000 +
   -762.7056 * VISITORS_COUNT=около 500,более 10 000,более 3 000,более 2 000,около 5 000,более 20 000,около 10 000,,около 20 000,около 1 000,более 30 000,более 1 000,около 300,около 30 000,более 200 000,около 50 000,более 100 000,около 1 000 000,более 2 000 000,около 100 000,более 1 000 000,более 3 000 000,около 500 000,более 300 000,около 5 000 000 +
   1150.3529 * VISITORS_COUNT=более 10 000,более 3 000,более 2 000,около 5 000,более 20 000,около 10 000,,около 20 000,около 1 000,более 30 000,более 1 000,около 300,около 30 000,более 200 000,около 50 000,более 100 000,около 1 000 000,более 2 000 000,около 100 000,более 1 000 000,более 3 000 000,около 500 000,более 300 000,около 5 000 000 +
   -438.9652 * VISITORS_COUNT=более 3 000,более 2 000,около 5 000,более 20 000,около 10 000,,около 20 000,около 1 000,более 30 000,более 1 000,около 300,около 30 000,более 200 000,около 50 000,более 100 000,около 1 000 000,более 2 000 000,около 100 000,более 1 000 000,более 3 000 000,около 500 000,более 300 000,около 5 000 000 +
    118.291  * VISITORS_COUNT=более 2 000,около 5 000,более 20 000,около 10 000,,около 20 000,около 1 000,более 30 000,более 1 000,около 300,около 30 000,более 200 000,около 50 000,более 100 000,около 1 000 000,более 2 000 000,около 100 000,более 1 000 000,более 3 000 000,около 500 000,более 300 000,около 5 000 000 +
    118.5237 * VISITORS_COUNT=около 5 000,более 20 000,около 10 000,,около 20 000,около 1 000,более 30 000,более 1 000,около 300,около 30 000,более 200 000,около 50 000,более 100 000,около 1 000 000,более 2 000 000,около 100 000,более 1 000 000,более 3 000 000,около 500 000,более 300 000,около 5 000 000 +
    237.8298 * VISITORS_COUNT=более 20 000,около 10 000,,около 20 000,около 1 000,более 30 000,более 1 000,около 300,около 30 000,более 200 000,около 50 000,более 100 000,около 1 000 000,более 2 000 000,около 100 000,более 1 000 000,более 3 000 000,около 500 000,более 300 000,около 5 000 000 +
    -92.9292 * VISITORS_COUNT=,около 20 000,около 1 000,более 30 000,более 1 000,около 300,около 30 000,более 200 000,около 50 000,более 100 000,около 1 000 000,более 2 000 000,около 100 000,более 1 000 000,более 3 000 000,около 500 000,более 300 000,около 5 000 000 +
    -93.4336 * VISITORS_COUNT=около 20 000,около 1 000,более 30 000,более 1 000,около 300,около 30 000,более 200 000,около 50 000,более 100 000,около 1 000 000,более 2 000 000,около 100 000,более 1 000 000,более 3 000 000,около 500 000,более 300 000,около 5 000 000 +
   -423.559  * VISITORS_COUNT=около 1 000,более 30 000,более 1 000,около 300,около 30 000,более 200 000,около 50 000,более 100 000,около 1 000 000,более 2 000 000,около 100 000,более 1 000 000,более 3 000 000,около 500 000,более 300 000,около 5 000 000 +
   1263.0184 * VISITORS_COUNT=более 30 000,более 1 000,около 300,около 30 000,более 200 000,около 50 000,более 100 000,около 1 000 000,более 2 000 000,около 100 000,более 1 000 000,более 3 000 000,около 500 000,более 300 000,около 5 000 000 +
